NAME : c101
COMMENT : Converted to TSPLIB by Accorsi & Cavaliere.
TYPE : VRPSPD
DIMENSION : 101
EDGE_WEIGHT_TYPE : EXPLICIT
EDGE_WEIGHT_FORMAT : FULL_MATRIX
CAPACITY : 200
0 18.6815 20.6155 16.1245 18.1108 15.1327 19 16 18.1108 20.0998 16.7631 19.6469 38.0789 30.8058 39.3573 36.0555 40.3113 33.3017 35.3553 39.0512 10 10.198 12.1655 13 15 15.1327 15.8114 17.1172 17.72 20 20.6155 33.541 31.6228 33.5261 32.3883 38.0789 35.3553 39.2938 41.2311 40.3113 20.6155 18.6815 19.3132 16.5529 21.5407 22.3607 20.5913 18.0278 23.3238 19.2094 22.8035 25 21.2132 45.1774 40.05 35.0571 45 35 45.0444 35.0571 45.2769 22.3607 18.0278 14.1421 21.5407 12.8062 16.5529 12.2066 20.6155 15.8114 58.5235 57.0088 23.8537 55.7136 19.8494 15.8114 52.2015 52 50.2892 51.0784 51.4782 47.4342 35.3553 32.3883 31.0483 29.7321 26.4764 25.4951 26.9258 24.3516 20.6155 22.3607 44.2041 43.0116 40.6079 37.2022 36.0555 40.3113 30.8058 33.541 38.0789 
18.6815 0 2 3.6056 3 4.2426 5.099 5.3852 7 7.2801 10.198 10.0499 26.2488 24.0416 28.6007 27.7308 30.2324 27.8927 30.8058 32.311 23.4307 21.9317 23.3452 21.4009 26.9072 25.6125 23.8537 27.2029 25.5539 30.8058 28.178 48.1041 44.8219 46.4004 43.566 51.8556 46.1411 51.3128 53 50.5371 39.2938 37.3631 37.9473 35.1141 40.1622 40.8534 39 36.2491 41.6293 37.1214 40.7063 42.9418 38.5876 63.0079 58.0775 53.0848 63.1981 53.2353 63.3877 53.4603 63.7887 38.3275 33.3766 28.4429 38.1182 28.1603 33.0606 28.0713 38 33 62.8013 59.9083 38.833 60.4401 33.9559 3 55.8032 57.3847 54.2033 56.6392 58.7282 51.8556 32.6956 29.9666 26.9258 24.3516 24.6982 23.8537 21.5407 20.5913 19.8494 17 27.8029 26.2488 24.4131 20.8087 19.2094 22.6716 14.7648 15.6205 19.7231 
20.6155 2 0 5 3.6056 5.8309 5.099 6.4031 7.2801 7 10.7703 10.0499 25 23.5372 27.4591 26.9258 29.1548 27.4591 30.4138 31.6228 25 23.4307 24.7588 22.6716 28.2843 26.9072 25 28.4253 26.6271 32.0156 29.1548 49.4975 46.0977 47.634 44.6542 53.1507 47.1699 52.4309 54.0833 51.4782 41.2311 39.2938 39.8497 37 42.0595 42.72 40.8534 38.0789 43.4626 38.9102 42.4853 44.7214 40.3113 65.0077 60.075 55.0818 65.192 55.2268 65.3758 55.4437 65.7647 40.3113 35.3553 30.4138 40.1123 30.1496 35.0571 30.0666 40 35 64.0312 61.0328 40.7922 61.7171 35.9026 5 57.0088 58.7282 55.4437 58 60.208 53.1507 33.541 30.8869 27.7308 25.0799 25.807 25 22.3607 21.6333 21.2132 18.0278 26.6271 25 23.3238 19.7231 18.0278 21.2132 13.9284 14.1421 18.0278 
16.1245 3.6056 5 0 2 1 3.6056 2 4.4721 5.6569 7 7.6158 25.4951 21.9317 27.5862 26.0768 29.0689 25.632 28.4605 30.4138 20 18.4391 19.799 17.8045 23.3452 22.0227 20.2485 23.6008 21.9545 27.2029 24.5967 44.5533 41.2311 42.8019 39.9625 48.2701 42.5441 47.7074 49.3964 46.9574 36.6742 34.7131 35.171 32.28 37.3631 37.9473 36.0555 33.2415 38.6264 34.0147 37.5766 39.8121 35.3553 61.0328 56 51 61.0328 51.0392 61.131 51.1566 61.4003 36.8782 32.0156 27.2029 36.4966 26.6833 31.4006 26.4764 36.1248 31.1448 64.0703 61.4003 37.6431 61.6117 32.8938 3.1623 57.1402 58.4123 55.4707 57.6281 59.4138 53.0094 34.7851 31.9531 29.1204 26.6833 26.4008 25.4951 23.7697 22.4722 21.095 18.9737 31.4006 29.8329 28.0179 24.4131 22.8035 26.1725 18.3576 19.105 23.0217 
18.1108 3 3.6056 2 0 3 2.2361 2.8284 4 4.4721 7.2801 7.0711 24.0416 21.1896 26.2488 25.0599 27.8029 25 27.8927 29.5466 21.6333 20 21.2603 19.105 24.7588 23.3452 21.4009 24.8395 23.0217 28.4253 25.5539 45.9674 42.5206 44.0454 41.0488 49.5782 43.566 48.8262 50.4777 47.8853 38.6394 36.6742 37.108 34.2053 39.2938 39.8497 37.9473 35.1141 40.4969 35.8469 39.3954 41.6293 37.1214 63.0317 58 53 63.0317 53.0377 63.1269 53.1507 63.3877 38.833 33.9559 29.1204 38.4708 28.6356 33.3766 28.4429 38.1182 33.1361 65.215 62.434 39.5601 62.8013 34.7851 4.2426 58.2495 59.6657 56.6127 58.8982 60.8112 54.2033 35.4683 32.6956 29.7321 27.2029 27.2947 26.4197 24.3516 23.2594 22.2036 19.6977 30.2324 28.6007 26.9258 23.3238 21.6333 24.7588 17.4642 17.6918 21.4009 
15.1327 4.2426 5.8309 1 3 0 4.4721 2.2361 5 6.4031 7.0711 8.0623 26.2488 22.3607 28.2843 26.6271 29.7321 26 28.7924 30.8869 19.2094 17.6918 19.105 17.2047 22.6716 21.4009 19.7231 23.0217 21.4709 26.6271 24.1661 43.8634 40.6079 42.2019 39.4462 47.634 42.0595 47.1699 48.8774 46.5188 35.6931 33.7343 34.2053 31.3209 36.4005 37 35.1141 32.311 37.6962 33.1059 36.6742 38.9102 34.4819 60.0333 55 50 60.0333 50.04 60.1332 50.1597 60.407 35.9026 31.0483 26.2488 35.5106 25.7099 30.4138 25.4951 35.1283 30.1496 63.5138 60.9016 36.6879 61.0328 31.9531 3 56.6039 57.8014 54.9181 57.0088 58.7282 52.4309 34.4819 31.6228 28.8617 26.4764 26 25.0799 23.5372 22.1359 20.5913 18.6815 32.0156 30.4795 28.6007 25 23.4307 26.9072 18.868 19.8494 23.8537 
19 5.099 5.099 3.6056 2.2361 4.4721 0 3 2.2361 2.2361 5.8309 5 21.9317 18.9737 24.0832 22.8254 25.6125 22.8035 25.7099 27.313 21.4709 19.7231 20.8087 18.4391 24.2074 22.6716 20.5183 24.0416 22.0227 27.5862 24.4131 45.3431 41.7253 43.1856 40 48.7955 42.4382 47.8017 49.4065 46.6476 39.3192 37.3363 37.6563 34.7131 39.8121 40.2616 38.3275 35.4401 40.8044 36.0555 39.5601 41.7852 37.1618 64.1249 59.0339 54.037 64 54 64.0312 54.037 64.195 40.2616 35.4401 30.6757 39.8121 30.0832 34.7131 29.8329 39.3192 34.3657 67.424 64.6607 41.1096 65 36.4005 6.4031 60.4649 61.8466 58.8218 61.0737 62.9365 56.4004 37.6962 34.9285 31.9531 29.4109 29.5296 28.6531 26.5707 25.4951 24.4131 21.9317 31.3847 29.6816 28.178 24.5967 22.8254 25.6125 18.9737 18.6011 21.9317 
16 5.3852 6.4031 2 2.8284 2.2361 3 0 2.8284 4.4721 5 5.8309 24.2074 20.1246 26.1725 24.4131 27.5862 23.7697 26.5707 28.6531 18.868 17.2047 18.4391 16.2788 21.9317 20.5183 18.6011 22.0227 20.2485 25.6125 22.8254 43.1393 39.6989 41.2311 38.2753 46.7547 40.8167 46.0435 47.7074 45.1774 36.3456 34.3657 34.7131 31.7805 36.8782 37.3631 35.4401 32.573 37.9473 33.2415 36.7696 39 34.4384 61.131 56.0357 51.0392 61 51 61.0328 51.0392 61.2046 37.3631 32.573 27.8568 36.8782 27.2029 31.7805 26.9258 36.3456 31.4006 65.7343 63.1348 38.2753 63.2456 33.6155 5.099 58.8303 60 57.1402 59.203 60.8769 54.6443 36.6879 33.8378 31.0483 28.6356 28.2312 27.313 25.7099 24.3516 22.8254 20.8806 33.0151 31.4006 29.6816 26.0768 24.4131 27.5862 20.1246 20.5183 24.2074 
18.1108 7 7.2801 4.4721 4 5 2.2361 2.8284 0 2 3.6056 3.1623 21.4009 17.4642 23.3452 21.6333 24.7588 21.1896 24.0416 25.9422 19.6977 17.8885 18.868 16.4012 22.2036 20.6155 18.3848 21.9317 19.8494 25.4558 22.2036 43.2782 39.598 41.0366 37.8021 46.669 40.2244 45.607 47.2017 44.4185 38.1182 36.1248 36.3456 33.3766 38.4708 38.833 36.8782 33.9559 39.2938 34.4819 37.9473 40.1622 35.4683 63.2851 58.1378 53.1507 63.0317 53.0377 63 53 63.0714 39.8497 35.1141 30.4631 39.2938 29.7321 34.2053 29.4109 38.6394 33.7343 68.5055 65.8635 40.8534 66.0303 36.2491 7.6158 61.5873 62.8013 59.9083 62.0081 63.7024 57.4282 39.2173 36.4005 33.5261 31.0483 30.8707 29.9666 28.1603 26.9258 25.5539 23.4094 33.6155 31.9061 30.4138 26.8328 25.0599 27.8029 21.1896 20.8087 24.0416 
20.0998 7.2801 7 5.6569 4.4721 6.4031 2.2361 4.4721 2 0 5 3.1623 19.8494 16.7631 21.9317 20.5913 23.4307 20.6155 23.5372 25.0799 21.5407 19.6977 20.5913 18.0278 23.8537 22.2036 19.8494 23.4307 21.2132 26.9072 23.4307 44.8219 41.0366 42.4264 39.0512 48.1041 41.4005 46.8615 48.4149 45.4863 40.1123 38.1182 38.3275 35.3553 40.4475 40.7922 38.833 35.9026 41.2311 36.4005 39.8497 42.0595 37.3363 65.2763 60.1332 55.1453 65.0308 55.0364 65 55 65.0692 41.7612 37 32.311 41.2311 31.6228 36.1386 31.3209 40.6079 35.6931 69.6348 66.888 42.72 67.2012 38.0789 8.6023 62.6817 64.0312 61.0328 63.2535 65.0692 58.6003 39.9249 37.1618 34.176 31.6228 31.7648 30.8869 28.7924 27.7308 26.6271 24.1661 32.6497 30.8869 29.5466 26 24.1661 26.6271 20.6155 19.7231 22.6716 
16.7631 10.198 10.7703 7 7.2801 7.0711 5.8309 5 3.6056 5 0 3 21.4709 15.8114 23.0217 20.5183 24.2074 19.2354 21.9317 24.4131 16.7631 14.8661 15.6525 13.0384 18.868 17.2047 14.8661 18.4391 16.2788 21.9317 18.6011 39.8246 36.0694 37.4833 34.2053 43.1393 36.6197 42.0119 43.6005 40.8167 36 34 34.0588 31.0644 36.1248 36.3456 34.3657 31.4006 36.6742 31.7805 35.171 37.3631 32.573 61.6604 56.4358 51.4782 61.2046 51.2445 61.0737 51.0882 61 39 34.4384 30.0167 38.2753 29.0689 33.2415 28.6356 37.3631 32.573 69.9714 67.5352 40.2492 67.4166 35.8469 10.0499 63.1348 64.0703 61.4003 63.2456 64.6607 58.8303 41.4849 38.6005 35.9026 33.541 32.8938 31.9531 30.5941 29.1204 27.313 25.7099 37.2156 35.5106 34 30.4138 28.6531 31.4006 24.6982 24.4131 27.5862 
19.6469 10.0499 10.0499 7.6158 7.0711 8.0623 5 5.8309 3.1623 3.1623 3 0 18.868 14.3178 20.6155 18.6011 21.9317 18.0278 20.8806 22.8254 19.6469 17.72 18.3848 15.6525 21.4709 19.7231 17.2047 20.8087 18.4391 24.2074 20.5183 42.2019 38.2884 39.6232 36.1248 45.3431 38.4187 43.9318 45.4533 42.4382 39 37 37.054 34.0588 39.1152 39.3192 37.3363 34.3657 39.6232 34.7131 38.0789 40.2616 35.4401 64.6297 59.4138 54.4518 64.195 54.231 64.0703 54.0833 64 41.7852 37.1618 32.6497 41.1096 31.7805 36.0555 31.3847 40.2616 35.4401 71.5612 68.9638 42.9535 69.0652 38.4708 10.7703 64.6607 65.8027 62.9682 65 66.6033 60.4649 42.3792 39.5601 36.6879 34.2053 34.0147 33.1059 31.3209 30.0832 28.6531 26.5707 35.7771 34 32.6956 29.1548 27.313 29.6816 23.7697 22.8254 25.6125 
38.0789 26.2488 25 25.4951 24.0416 26.2488 21.9317 24.2074 21.4009 19.8494 21.4709 18.868 0 10.4403 3 7.0711 5 12.2066 14.1421 11.1803 35.3553 33.3766 33.1361 30.1496 35 33 30 33.0606 30.0666 35.3553 30.4138 52.2015 47.4342 48.1041 43.4626 53.8516 44.7214 50.5371 51.4782 47.1699 55.9017 53.9351 53.6004 50.636 55.4437 55.2268 53.2353 50.2494 55.0818 50.0899 53.0094 55 50 82.2253 76.9025 72.0347 81.3941 71.5891 81.0494 71.1969 80.6226 60.4152 55.9017 51.4782 59.6154 50.5371 54.626 50.0899 58.5235 53.8516 89.0225 86.0233 61.7171 86.6833 57.3062 28.2843 82.0061 83.6301 80.4301 82.8794 84.8528 78.1025 58.3095 55.7584 52.4786 49.7393 50.8035 50 47.1699 46.6154 46.0977 43.0116 42 40 40.1123 37.3363 35.3553 35 34.4819 30.4138 30 
30.8058 24.0416 23.5372 21.9317 21.1896 22.3607 18.9737 20.1246 17.4642 16.7631 15.8114 14.3178 10.4403 0 10 5.3852 10.198 4 7 8.6023 26.2488 24.3516 23.7697 20.8806 25.1794 23.1948 20.2237 23.0217 20.025 25.0799 20.0998 41.7612 37 37.6962 33.1059 43.4626 34.4819 40.3113 41.3401 37.2022 46.8402 44.9222 44.3847 41.4849 46.0977 45.7056 43.7379 40.7922 45.3982 40.4475 43.1856 45.0999 40.1123 73.3757 68.0074 63.2456 72.2772 62.6418 71.8053 62.0967 71.1969 53 48.8262 44.8219 51.9711 43.6005 47.1699 43.0116 50.5371 46.1411 85.7555 83.2406 54.6443 83.2166 50.6063 25.0799 78.8923 79.8812 77.1751 79.0569 80.4301 74.6257 56.648 53.8516 50.9215 48.3839 48.3322 47.4236 45.5412 44.3847 42.9418 40.8534 46.0977 44.1475 43.566 40.3113 38.3275 39.2938 36 33.3766 34.4819 
39.3573 28.6007 27.4591 27.5862 26.2488 28.2843 24.0832 26.1725 23.3452 21.9317 23.0217 20.6155 3 10 0 5.3852 2 10.7703 12.2066 8.6023 35.9026 33.9559 33.541 30.5941 35.1283 33.1361 30.1496 33.0151 30.0167 35.0571 30.0666 51.4198 46.5725 47.1275 42.3792 52.811 43.4626 49.2443 50.0899 45.6508 56.5155 54.5711 54.1295 51.1957 55.9017 55.5788 53.6004 50.636 55.3263 50.3587 53.1507 55.0818 50.0899 82.9699 77.6209 72.8011 82 72.2772 81.5843 71.8053 81.0494 61.7171 57.3062 53 60.8358 51.9711 55.9017 51.4782 59.6154 55.0364 91.4002 88.4816 63.1348 89.0225 58.8303 30.4795 84.4038 85.9127 82.801 85.1469 87 80.4301 60.9016 58.3095 55.0727 52.3546 53.2541 52.4309 49.7393 49.0918 48.4149 45.4863 45 43 43.1045 40.3113 38.3275 38 37.3631 33.3766 33 
36.0555 27.7308 26.9258 26.0768 25.0599 26.6271 22.8254 24.4131 21.6333 20.5913 20.5183 18.6011 7.0711 5.3852 5.3852 0 5 5.3852 7.0711 5 31.6228 29.7321 29.1204 26.2488 30.4138 28.4429 25.4951 28.1603 25.1794 30 25 46.0977 41.2311 41.7612 37 47.4342 38.0789 43.8634 44.7214 40.3113 52.2015 50.2892 49.7293 46.8402 51.4198 50.9902 49.0306 46.0977 50.636 45.7056 48.3735 50.2494 45.2769 78.7464 73.3757 68.6222 77.6209 68.0074 77.1298 67.4463 76.4853 58.3095 54.0833 50 57.3062 48.8262 52.4786 48.2597 55.9017 51.4782 90.1388 87.4643 59.9083 87.6584 55.8032 29.1548 83.2166 84.4038 81.5414 83.6002 85.1469 79.0569 60.4152 57.6975 54.626 52 52.3546 51.4782 49.2443 48.3011 47.1699 44.7214 47.2652 45.2769 45.0444 42 40 40.3113 38.3275 35 35.3553 
40.3113 30.2324 29.1548 29.0689 27.8029 29.7321 25.6125 27.5862 24.7588 23.4307 24.2074 21.9317 5 10.198 2 5 0 10.198 11.1803 7.0711 36.4005 34.4819 33.9559 31.0483 35.3553 33.3766 30.4138 33.1361 30.1496 35 30 50.9902 46.0977 46.5725 41.7612 52.2015 42.72 48.4665 49.2443 44.7214 57.0088 55.0818 54.5711 51.6624 56.2939 55.9017 53.9351 50.9902 55.5788 50.636 53.3385 55.2268 50.2494 83.5225 78.1601 73.3757 82.4621 72.8011 82 72.2772 81.3941 62.6498 58.3095 54.0833 61.7171 53 56.8243 52.4786 60.4152 55.9017 93.0054 90.1388 64.1405 90.6035 59.9083 32.0156 86.0233 87.4586 84.4038 86.6833 88.459 82.0061 62.6498 60.0333 56.8243 54.1202 54.9181 54.0833 51.4782 50.774 50 47.1699 47 45 45.0999 42.2966 40.3113 40 39.2938 35.3553 35 
33.3017 27.8927 27.4591 25.632 25 26 22.8035 23.7697 21.1896 20.6155 19.2354 18.0278 12.2066 4 10.7703 5.3852 10.198 0 3 5.8309 27.7308 25.9422 25.0799 22.3607 25.9615 24.0416 21.1896 23.5372 20.6155 25.0799 20.0998 40.7922 35.9026 36.4005 31.6228 42.0595 32.6956 38.4838 39.3573 34.9857 48.1041 46.2385 45.5412 42.72 47.1275 46.5725 44.643 41.7612 46.0977 41.2311 43.7379 45.5412 40.6079 74.6726 69.2892 64.622 73.3757 63.9062 72.8011 63.2456 72.0347 55.2178 51.225 47.4236 54.0833 46.0977 49.4065 45.4533 52.4786 48.2597 89.1852 86.7698 57.0088 86.6083 53.1507 28.7924 82.365 83.2166 80.6226 82.3772 83.6002 78.032 60.407 57.5847 54.7083 52.2015 52 51.0784 49.3356 48.1041 46.5188 44.5982 50.01 48.0521 47.5184 44.2832 42.2966 43.1741 40 37.3363 38.3275 
35.3553 30.8058 30.4138 28.4605 27.8927 28.7924 25.7099 26.5707 24.0416 23.5372 21.9317 20.8806 14.1421 7 12.2066 7.0711 11.1803 3 0 5 29.1548 27.4591 26.4197 23.8537 26.9258 25.0799 22.3607 24.3516 21.5407 25.4951 20.6155 40.3113 35.3553 35.6931 30.8058 41.2311 31.6228 37.3363 38.0789 33.541 49.2443 47.4236 46.6154 43.8634 48.1041 47.4342 45.5412 42.72 46.8402 42.0595 44.3847 46.0977 41.2311 75.7694 70.3847 65.7951 74.3303 65 73.6817 64.2573 72.8011 57.0088 53.1507 49.4975 55.8032 48.1041 51.225 47.4236 54.0833 50 91.7878 89.4427 58.8982 89.1852 55.1725 31.6228 85 85.7555 83.2406 84.9058 86.0233 80.6226 63.2456 60.407 57.5674 55.0818 54.7814 53.8516 52.2015 50.9215 49.2443 47.4342 52.9528 50.9902 50.4876 47.2652 45.2769 46.0977 43 40.3113 41.2311 
39.0512 32.311 31.6228 30.4138 29.5466 30.8869 27.313 28.6531 25.9422 25.0799 24.4131 22.8254 11.1803 8.6023 8.6023 5 7.0711 5.8309 5 0 33.541 31.7648 30.8707 28.178 31.6228 29.7321 26.9258 29.1204 26.2488 30.4138 25.4951 45.2769 40.3113 40.6079 35.6931 46.0977 36.4005 42.0595 42.72 38.0789 53.8516 52 51.264 48.4665 52.811 52.2015 50.2892 47.4342 51.6624 46.8402 49.2443 50.9902 46.0977 80.4114 75.0267 70.3847 79.0569 69.6419 78.4474 68.9493 77.6209 61.0328 57.0088 53.1507 59.9083 51.8556 55.2178 51.225 58.3095 54.0833 94.3398 91.7878 62.8013 91.8096 58.8982 33.541 87.4643 88.4816 85.7555 87.6584 89.0225 83.2166 65 62.2415 59.2368 56.648 56.7979 55.9017 53.8516 52.8015 51.4782 49.2443 52.2398 50.2494 50.04 47 45 45.2769 43.2897 40 40.3113 
10 23.4307 25 20 21.6333 19.2094 21.4709 18.868 19.6977 21.5407 16.7631 19.6469 35.3553 26.2488 35.9026 31.6228 36.4005 27.7308 29.1548 33.541 0 2 2.8284 5.3852 5 5.3852 7.0711 7.2801 8.6023 10 11.1803 25 22.3607 24.1661 22.561 29.1548 25.4951 29.7321 31.6228 30.4138 20.6155 18.6815 18.2483 15.2971 20.0998 20 18 15 20.0998 15.1327 18.4391 20.6155 15.8114 47.1275 41.7612 37 46.0977 36.4005 45.7056 35.9026 45.2769 28.2843 25 22.3607 26.9072 20.5913 22.6716 19.7231 25 21.2132 68.0074 66.7083 30.4795 65.146 27.4591 21.2132 61.8466 61.3514 59.9083 60.407 60.4152 57.0088 45.2769 42.2966 40.7922 39.2938 36.3456 35.3553 36.4005 33.9559 30.4138 31.6228 50.9313 49.4975 47.4236 43.8634 42.4264 46.0977 37.5366 39.0512 43.0116 
10.198 21.9317 23.4307 18.4391 20 17.6918 19.7231 17.2047 17.8885 19.6977 14.8661 17.72 33.3766 24.3516 33.9559 29.7321 34.4819 25.9422 27.4591 31.7648 2 0 2 3.6056 5.3852 5 5.8309 7 7.6158 10.198 10.4403 26.2488 23.3238 25.0599 23.0868 30.2324 25.9615 30.4631 32.311 30.8058 22.561 20.6155 20.2237 17.2627 22.0907 22 20 17 22.0907 17.1172 20.3961 22.561 17.72 49.0408 43.6807 38.8973 48.0521 38.3275 47.676 37.855 47.2652 29.7321 26.2488 23.3238 28.4253 21.6333 24.0416 20.8087 26.6271 22.6716 68.6222 67.1863 31.8277 65.7875 28.6007 19.8494 62.3618 62.0322 60.4401 61.0983 61.2699 57.5674 45.0999 42.107 40.4475 38.833 36.1248 35.1283 35.9026 33.541 30.1496 31.0483 49.5782 48.1041 46.0977 42.5206 41.0366 44.5982 36.2353 37.5366 41.4005 
12.1655 23.3452 24.7588 19.799 21.2603 19.105 20.8087 18.4391 18.868 20.5913 15.6525 18.3848 33.1361 23.7697 33.541 29.1204 33.9559 25.0799 26.4197 30.8707 2.8284 2 0 3 3.6056 3 4.2426 5 5.8309 8.2462 8.544 24.7588 21.6333 23.3238 21.1896 28.6007 24.0416 28.6356 30.4631 28.8617 23.0868 21.1896 20.6155 17.72 22.3607 22.0907 20.0998 17.1172 22 17 20.0998 22.2036 17.2627 49.6488 44.2719 39.5601 48.5077 38.8973 48.0521 38.3275 47.5184 31.1127 27.8029 25.0599 29.7321 23.3238 25.4951 22.4722 27.8029 24.0416 70.5195 69.1231 33.3017 67.6757 30.2324 21.4009 64.2884 63.9062 62.3618 62.9682 63.0714 59.4811 47.0956 44.1022 42.4264 40.7922 38.1182 37.1214 37.855 35.5106 32.1403 32.9848 51.0882 49.5782 47.634 44.0454 42.5206 45.9674 37.8021 38.8973 42.638 
13 21.4009 22.6716 17.8045 19.105 17.2047 18.4391 16.2788 16.4012 18.0278 13.0384 15.6525 30.1496 20.8806 30.5941 26.2488 31.0483 22.3607 23.8537 28.178 5.3852 3.6056 3 0 5.8309 4.2426 3 5.8309 5 9.434 8 26.9072 23.4307 25 22.3607 30.4795 25.0799 30.0167 31.7648 29.7321 25.9615 24.0416 23.5372 20.6155 25.318 25.0799 23.0868 20.0998 25 20 23.0868 25.1794 20.2237 52.4976 47.1275 42.3792 51.4198 41.7612 50.9902 41.2311 50.4876 33.3017 29.7321 26.6271 32.0156 25 27.5862 24.2074 30.2324 26.2488 71.5122 69.9214 35.3553 68.7095 32.0156 19.7231 65.146 65 63.2456 64.0781 64.4127 60.407 47 44 42.107 40.3113 38 37 37.3363 35.1283 32 32.3883 49.2037 47.634 45.8039 42.2019 40.6079 43.8634 36.0555 36.7967 40.3609 
15 26.9072 28.2843 23.3452 24.7588 22.6716 24.2074 21.9317 22.2036 23.8537 18.868 21.4709 35 25.1794 35.1283 30.4138 35.3553 25.9615 26.9258 31.6228 5 5.3852 3.6056 5.8309 0 2 5 2.8284 5.3852 5 7.0711 21.2132 18.0278 19.7231 17.72 25 20.6155 25.0799 26.9258 25.4951 22.3607 20.5913 19.6977 17 21.1896 20.6155 18.6815 15.8114 20.2237 15.2971 18.0278 20 15 48.8467 43.4626 38.9102 47.4342 38.0789 46.8402 37.3363 46.0977 32.0156 29.1548 26.9258 30.4795 25.0799 26.6271 24.1661 28.2843 25 72.8011 71.5891 34.4093 69.9214 31.7648 25 66.7083 66.0984 64.7611 65.146 65 61.8466 50.2494 47.2652 45.7056 44.1475 41.3038 40.3113 41.2311 38.833 35.3553 36.4005 54.6717 53.1507 51.225 47.634 46.0977 49.4975 41.4005 42.4264 46.0977 
15.1327 25.6125 26.9072 22.0227 23.3452 21.4009 22.6716 20.5183 20.6155 22.2036 17.2047 19.7231 33 23.1948 33.1361 28.4429 33.3766 24.0416 25.0799 29.7321 5.3852 5 3 4.2426 2 0 3 2 3.6056 5.3852 5.8309 22.6716 19.2094 20.8087 18.3848 26.2488 21.1896 25.9422 27.7308 25.9615 24.1661 22.3607 21.5407 18.7883 23.0868 22.561 20.6155 17.72 22.2036 17.2627 20.025 22 17 50.6952 45.31 40.7185 49.3356 39.9249 48.7647 39.2173 48.0521 33.3017 30.2324 27.7308 31.8277 25.9422 27.8029 25.0599 29.7321 26.2488 73.3757 72.0347 35.609 70.5195 32.7567 23.8537 67.1863 66.7308 65.2534 65.7875 65.7951 62.3618 50.0899 47.0956 45.3982 43.7379 41.1096 40.1123 40.7922 38.4708 35.1283 35.9026 53.4135 51.8556 50 46.4004 44.8219 48.1041 40.2244 41.0366 44.5982 
15.8114 23.8537 25 20.2485 21.4009 19.7231 20.5183 18.6011 18.3848 19.8494 14.8661 17.2047 30 20.2237 30.1496 25.4951 30.4138 21.1896 22.3607 26.9258 7.0711 5.8309 4.2426 3 5 3 0 3.6056 2 7.0711 5 25 21.2132 22.6716 19.7231 28.2843 22.3607 27.4591 29.1548 26.9258 26.9258 25.0799 24.3516 21.5407 25.9615 25.4951 23.5372 20.6155 25.1794 20.2237 23.0217 25 20 53.4883 48.1041 43.4626 52.2015 42.72 51.6624 42.0595 50.9902 35.3553 32.0156 29.1548 33.9706 27.4591 29.7321 26.6271 32.0156 28.2843 74.3303 72.8011 37.5366 71.5122 34.4093 22.3607 68.0074 67.7791 66.0984 66.8506 67.082 63.2456 50 47 45.0999 43.2897 41 40 40.3113 38.1182 35 35.3553 51.614 50 48.2597 44.6542 43.0116 46.0977 38.5876 39.0512 42.4264 
17.1172 27.2029 28.4253 23.6008 24.8395 23.0217 24.0416 22.0227 21.9317 23.4307 18.4391 20.8087 33.0606 23.0217 33.0151 28.1603 33.1361 23.5372 24.3516 29.1204 7.2801 7 5 5.8309 2.8284 2 3.6056 0 3 3.6056 4.2426 21.4009 17.6918 19.2094 16.5529 24.7588 19.3132 24.1868 25.9422 24.0416 25.0599 23.3238 22.3607 19.7231 23.7697 23.0868 21.1896 18.3848 22.561 17.72 20.2237 22.0907 17.1172 51.4782 46.0977 41.5933 49.98 40.7185 49.3356 39.9249 48.5077 34.8281 31.9061 29.5466 33.3017 27.7308 29.4109 26.8328 31.1127 27.8029 75.2861 73.9797 37.2022 72.4224 34.4819 25.5539 69.1231 68.6222 67.1863 67.6757 67.624 64.2884 52.0865 49.0918 47.3814 45.7056 43.1045 42.107 42.7551 40.4475 37.1214 37.855 55 53.4135 51.614 48.0104 46.4004 49.5782 41.8808 42.5206 45.9674 
17.72 25.5539 26.6271 21.9545 23.0217 21.4709 22.0227 20.2485 19.8494 21.2132 16.2788 18.4391 30.0666 20.025 30.0167 25.1794 30.1496 20.6155 21.5407 26.2488 8.6023 7.6158 5.8309 5 5.3852 3.6056 2 3 0 5.8309 3 23.8537 19.8494 21.2132 18.0278 26.9072 20.5913 25.807 27.4591 25.0799 27.7308 25.9422 25.0799 22.3607 26.5707 25.9615 24.0416 21.1896 25.4951 20.6155 23.1948 25.0799 20.0998 54.231 48.8467 44.2832 52.811 43.4626 52.2015 42.72 51.4198 36.7967 33.6006 30.8869 35.3553 29.1548 31.241 28.3019 33.3017 29.7321 76.2168 74.7262 39.0512 73.3894 36.0555 24.1661 69.9214 69.6419 68.0074 68.7095 68.8767 65.146 52 49 47.0956 45.2769 43 42 42.2966 40.1123 37 37.3363 53.2541 51.614 49.93 46.3249 44.6542 47.634 40.3113 40.6079 43.8634 
20 30.8058 32.0156 27.2029 28.4253 26.6271 27.5862 25.6125 25.4558 26.9072 21.9317 24.2074 35.3553 25.0799 35.0571 30 35 25.0799 25.4951 30.4138 10 10.198 8.2462 9.434 5 5.3852 7.0711 3.6056 5.8309 0 5 18.0278 14.1421 15.6205 13 21.2132 15.8114 20.5913 22.3607 20.6155 25 23.4307 22.2036 19.8494 23.3238 22.3607 20.5913 18.0278 21.5407 17 18.9737 20.6155 15.8114 51 45.6508 41.3401 49.2443 40.3113 48.4665 39.3573 47.4342 36.0555 33.541 31.6228 34.4093 29.7321 30.8869 28.7924 32.0156 29.1548 77.6209 76.4853 38.5876 74.7262 36.2491 29.1548 71.5891 70.8802 69.6348 69.9214 69.6419 66.7083 55.2268 52.2398 50.636 49.0306 46.2709 45.2769 46.0977 43.7379 40.3113 41.2311 58.6003 57.0088 55.2178 51.614 50 53.1507 45.4863 46.0977 49.4975 
20.6155 28.178 29.1548 24.5967 25.5539 24.1661 24.4131 22.8254 22.2036 23.4307 18.6011 20.5183 30.4138 20.0998 30.0666 25 30 20.0998 20.6155 25.4951 11.1803 10.4403 8.544 8 7.0711 5.8309 5 4.2426 3 5 0 22.3607 18.0278 19.2094 15.6205 25 18.0278 23.4307 25 22.3607 29.1548 27.4591 26.4197 23.8537 27.7308 26.9258 25.0799 22.3607 26.2488 21.5407 23.7697 25.4951 20.6155 55.4617 50.0899 45.6508 53.8516 44.7214 53.1413 43.8634 52.2015 39.0512 36.0555 33.541 37.5366 31.7648 33.6006 30.8869 35.3553 32.0156 79.0569 77.6209 41.4005 76.2168 38.5876 26.9258 72.8011 72.45 70.8802 71.5122 71.5891 68.0074 55 52 50.0899 48.2597 46 45 45.2769 43.1045 40 40.3113 55.7584 54.0833 52.4786 48.8774 47.1699 50 42.9418 43.0116 46.0977 
33.541 48.1041 49.4975 44.5533 45.9674 43.8634 45.3431 43.1393 43.2782 44.8219 39.8246 42.2019 52.2015 41.7612 51.4198 46.0977 50.9902 40.7922 40.3113 45.2769 25 26.2488 24.7588 26.9072 21.2132 22.6716 25 21.4009 23.8537 18.0278 22.3607 0 5 5.3852 10.198 5 11.1803 9.434 11.1803 14.1421 25.4951 25.1794 23.1948 23 22.561 20.6155 20.2237 20 18.6815 18 16.2788 15.8114 15 45.3431 40.6079 37.7359 42.4264 36.0555 41.0366 34.4093 39.0512 40.3113 40 40.3113 38.3275 38.3275 37 37.3363 35.3553 35 85.1469 85 43.2897 82.1523 43 46.0977 80 78.1601 78 77.1622 75.6637 75 68.0074 65.146 64.2573 63.1585 59.4643 58.5235 60.4152 57.7754 53.8516 55.9017 75.8222 74.3303 72.3464 68.7677 67.2681 70.7107 62.482 63.6396 67.2681 
31.6228 44.8219 46.0977 41.2311 42.5206 40.6079 41.7253 39.6989 39.598 41.0366 36.0694 38.2884 47.4342 37 46.5725 41.2311 46.0977 35.9026 35.3553 40.3113 22.3607 23.3238 21.6333 23.4307 18.0278 19.2094 21.2132 17.6918 19.8494 14.1421 18.0278 5 0 2 5.3852 7.0711 7.0711 8 10 11.1803 26.9258 26.2488 24.3516 23.5372 24.1661 22.3607 21.5407 20.6155 20.5913 18.6815 17.8885 18.0278 15.8114 48.7955 43.8634 40.6079 46.0977 39.0512 44.8219 37.5366 43.0116 41.2311 40.3113 40 39.2938 38 37.3363 37 36.4005 35.3553 85.5862 85.1469 44.1475 82.6075 43.2897 43.0116 80.1561 78.6384 78.1601 77.6466 76.4853 75.1665 66.7083 63.7887 62.6418 61.3514 57.9741 57.0088 58.5235 55.9732 52.2015 53.8516 72.6223 71.0634 69.2026 65.6049 64.0312 67.2681 59.4054 60.208 63.6396 
33.5261 46.4004 47.634 42.8019 44.0454 42.2019 43.1856 41.2311 41.0366 42.4264 37.4833 39.6232 48.1041 37.6962 47.1275 41.7612 46.5725 36.4005 35.6931 40.6079 24.1661 25.0599 23.3238 25 19.7231 20.8087 22.6716 19.2094 21.2132 15.6205 19.2094 5.3852 2 0 5 5.8309 5.8309 6 8 9.434 28.7924 28.1603 26.2488 25.4951 26 24.1661 23.4094 22.561 22.3607 20.6155 19.6977 19.7231 17.72 50.2096 45.3431 42.2019 47.4236 40.6079 46.0977 39.0512 44.2041 43.1741 42.2966 42 41.2311 40 39.3192 39 38.3275 37.3363 87.5728 87.1436 46.0977 84.5931 45.2769 44.6542 82.1523 80.6226 80.1561 79.6304 78.4474 77.1622 68.6586 65.7343 64.56 63.2456 59.9083 58.9406 60.407 57.8705 54.1202 55.7136 74.2024 72.6223 70.8025 67.2012 65.6049 68.7677 61.0328 61.7171 65.0692 
32.3883 43.566 44.6542 39.9625 41.0488 39.4462 40 38.2753 37.8021 39.0512 34.2053 36.1248 43.4626 33.1059 42.3792 37 41.7612 31.6228 30.8058 35.6931 22.561 23.0868 21.1896 22.3607 17.72 18.3848 19.7231 16.5529 18.0278 13 15.6205 10.198 5.3852 5 0 10.4403 3 7.8102 9.434 8 30.8869 29.9666 28.178 26.9258 28.3019 26.6271 25.5539 24.1661 25 22.3607 22.2036 22.6716 19.7231 53.8145 48.7955 45.3431 51.225 43.8634 50 42.4264 48.2597 44.5982 43.1741 42.2966 42.72 40.3113 40.2616 39.3192 39.9249 38.3275 88.2836 87.5728 47.4342 85.3288 46.0977 42.0595 82.6075 81.3941 80.6226 80.4114 79.555 77.6466 67.7422 64.7765 63.3482 61.8466 58.8558 57.8705 58.9406 56.5155 52.9528 54.1202 71.2811 69.6348 67.9559 64.3506 62.6817 65.6049 58.3095 58.6003 61.7171 
38.0789 51.8556 53.1507 48.2701 49.5782 47.634 48.7955 46.7547 46.669 48.1041 43.1393 45.3431 53.8516 43.4626 52.811 47.4342 52.2015 42.0595 41.2311 46.0977 29.1548 30.2324 28.6007 30.4795 25 26.2488 28.2843 24.7588 26.9072 21.2132 25 5 7.0711 5.8309 10.4403 0 10 5.8309 7.0711 11.1803 30.4138 30.1496 28.1603 28 27.4591 25.4951 25.1794 25 23.5372 23 21.2132 20.6155 20 49.2037 44.6542 42.0595 46.0977 40.3113 44.5982 38.5876 42.4264 45.2769 45 45.2769 43.2897 43.2897 42 42.2966 40.3113 40 90.1388 90 48.2597 87.1436 48 50 85 83.1505 83 82.1523 80.6226 80 72.8011 69.9214 68.9493 67.7791 64.195 63.2456 65 62.3939 58.5235 60.4152 79.6492 78.1025 76.2168 72.6223 71.0634 74.3303 66.4003 67.2681 70.7107 
35.3553 46.1411 47.1699 42.5441 43.566 42.0595 42.4382 40.8167 40.2244 41.4005 36.6197 38.4187 44.7214 34.4819 43.4626 38.0789 42.72 32.6956 31.6228 36.4005 25.4951 25.9615 24.0416 25.0799 20.6155 21.1896 22.3607 19.3132 20.5913 15.8114 18.0278 11.1803 7.0711 5.8309 3 10 0 5.8309 7.0711 5 33.541 32.6956 30.8707 29.7321 30.8869 29.1548 28.178 26.9258 27.4591 25.0799 24.6982 25 22.3607 55.8659 50.9313 47.634 53.1507 46.0977 51.8556 44.5982 50 47.4342 46.0977 45.2769 45.5412 43.2897 43.1741 42.2966 42.72 41.2311 91.2414 90.5539 50.2892 88.2836 49.0306 44.7214 85.5862 84.3445 83.6002 83.3607 82.4621 80.6226 70.7107 67.7422 66.2873 64.7611 61.8142 60.8276 61.8466 59.439 55.9017 57.0088 73.7835 72.111 70.4911 66.888 65.192 68.0074 60.9016 61.0328 64.0312 
39.2938 51.3128 52.4309 47.7074 48.8262 47.1699 47.8017 46.0435 45.607 46.8615 42.0119 43.9318 50.5371 40.3113 49.2443 43.8634 48.4665 38.4838 37.3363 42.0595 29.7321 30.4631 28.6356 30.0167 25.0799 25.9422 27.4591 24.1868 25.807 20.5913 23.4307 9.434 8 6 7.8102 5.8309 5.8309 0 2 5.3852 34.4819 33.9559 32.0156 31.4006 31.6228 29.7321 29.1204 28.4429 27.8568 26.4764 25.2982 25.0799 23.5372 54.6717 50 47.1699 51.6624 45.4863 50.2096 43.8292 48.1041 49.0306 48.2597 48 47.0744 46 45.2769 45 44.1475 43.2897 93.5361 93.1343 51.9711 90.5539 51.2445 49.7393 88.1419 86.5794 86.1452 85.5862 84.3445 83.1505 74.5252 71.5891 70.342 68.9638 65.7343 64.7611 66.0984 63.6003 59.9083 61.3514 79.0569 77.4209 75.7166 72.111 70.4557 73.4098 66.0379 66.4003 69.527 
41.2311 53 54.0833 49.3964 50.4777 48.8774 49.4065 47.7074 47.2017 48.4149 43.6005 45.4533 51.4782 41.3401 50.0899 44.7214 49.2443 39.3573 38.0789 42.72 31.6228 32.311 30.4631 31.7648 26.9258 27.7308 29.1548 25.9422 27.4591 22.3607 25 11.1803 10 8 9.434 7.0711 7.0711 2 0 5 36.4005 35.9026 33.9559 33.3766 33.5261 31.6228 31.0483 30.4138 29.7321 28.4429 27.2029 26.9258 25.4951 56.2228 51.614 48.8774 53.1507 47.1699 51.6624 45.4863 49.4975 50.9902 50.2494 50 49.0306 48 47.2652 47 46.0977 45.2769 95.5249 95.1315 53.9351 92.5419 53.2353 51.4782 90.1388 88.5664 88.1419 87.5728 86.3134 85.1469 76.4853 73.5459 72.2772 70.8802 67.6831 66.7083 68.0074 65.521 61.8466 63.2456 80.7094 79.0569 77.3886 73.7835 72.111 75 67.7422 68.0074 71.0634 
40.3113 50.5371 51.4782 46.9574 47.8853 46.5188 46.6476 45.1774 44.4185 45.4863 40.8167 42.4382 47.1699 37.2022 45.6508 40.3113 44.7214 34.9857 33.541 38.0789 30.4138 30.8058 28.8617 29.7321 25.4951 25.9615 26.9258 24.0416 25.0799 20.6155 22.3607 14.1421 11.1803 9.434 8 11.1803 5 5.3852 5 0 38.0789 37.3363 35.4683 34.4819 35.3412 33.541 32.6956 31.6228 31.7648 29.7321 29.0689 29.1548 26.9258 59.4643 54.6717 51.614 56.5685 50 55.1725 48.4149 53.1507 52.2015 50.9902 50.2494 50.2892 48.2597 48.0521 47.2652 47.4342 46.0977 96.1769 95.5249 55.0818 93.2148 53.9351 49.2443 90.5539 89.2693 88.5664 88.2836 87.3212 85.5862 75.6637 72.6911 71.1969 69.6348 66.7533 65.7647 66.7083 64.3273 60.8276 61.8466 78.032 76.3217 74.793 71.1969 69.4622 72.111 65.2993 65.192 68.0074 
20.6155 39.2938 41.2311 36.6742 38.6394 35.6931 39.3192 36.3456 38.1182 40.1123 36 39 55.9017 46.8402 56.5155 52.2015 57.0088 48.1041 49.2443 53.8516 20.6155 22.561 23.0868 25.9615 22.3607 24.1661 26.9258 25.0599 27.7308 25 29.1548 25.4951 26.9258 28.7924 30.8869 30.4138 33.541 34.4819 36.4005 38.0789 0 2 2.8284 5.3852 3 5 5.3852 7.0711 7 8.6023 9.2195 10 11.1803 26.5707 21.1896 16.5529 25.4951 15.8114 25.1794 15.2971 25 15 15.8114 18.0278 13 16.4012 13 15.6205 10 11.1803 60 60.208 18 57 18.6815 36.4005 55.2268 53 53.2353 52 50.2494 50.2494 47.1699 44.6542 44.8219 44.5982 39.8246 39.0512 42.4264 39.598 35.3553 39.0512 63.6318 62.6498 60.0333 56.8243 55.9017 60.4152 50.5371 53.8516 58.5235 
18.6815 37.3631 39.2938 34.7131 36.6742 33.7343 37.3363 34.3657 36.1248 38.1182 34 37 53.9351 44.9222 54.5711 50.2892 55.0818 46.2385 47.4236 52 18.6815 20.6155 21.1896 24.0416 20.5913 22.3607 25.0799 23.3238 25.9422 23.4307 27.4591 25.1794 26.2488 28.1603 29.9666 30.1496 32.6956 33.9559 35.9026 37.3363 2 0 2 3.6056 3.6056 5.3852 5 5.8309 7.2801 7.6158 9 10.198 10.4403 28.4605 23.0868 18.3848 27.4591 17.72 27.1662 17.2627 27 15.1327 15.2971 17 13.1529 15.2643 12.3693 14.4222 10.198 10.4403 60.0333 60.075 18.1108 57.0351 18.2483 34.4819 55.0818 53.0377 53.0848 52.0384 50.4876 50.0899 46.1411 43.566 43.6005 43.2782 38.6005 37.8021 41.0366 38.2099 33.9706 37.5366 61.9112 60.9016 58.3095 55.0727 54.1202 58.6003 48.7647 52 56.648 
19.3132 37.9473 39.8497 35.171 37.108 34.2053 37.6563 34.7131 36.3456 38.3275 34.0588 37.054 53.6004 44.3847 54.1295 49.7293 54.5711 45.5412 46.6154 51.264 18.2483 20.2237 20.6155 23.5372 19.6977 21.5407 24.3516 22.3607 25.0799 22.2036 26.4197 23.1948 24.3516 26.2488 28.178 28.1603 30.8707 32.0156 33.9559 35.4683 2.8284 2 0 3 2.2361 3.6056 3 4.2426 5.3852 5.8309 7 8.2462 8.544 29.1548 23.7697 19.2354 27.8927 18.3848 27.4591 17.72 27.074 17.1172 17.2627 18.7883 15.1327 17 14.3178 16.1245 12.1655 12.3693 62.0322 62.0725 20.0998 59.0339 20.2237 35.1141 57.0789 55.0364 55.0818 54.037 52.469 52.0865 47.8853 45.2769 45.2217 44.8219 40.2244 39.4081 42.5206 39.6989 35.4683 38.8973 62.9682 61.9112 59.3633 56.0803 55.0727 59.4811 49.7393 52.8015 57.3847 
16.5529 35.1141 37 32.28 34.2053 31.3209 34.7131 31.7805 33.3766 35.3553 31.0644 34.0588 50.636 41.4849 51.1957 46.8402 51.6624 42.72 43.8634 48.4665 15.2971 17.2627 17.72 20.6155 17 18.7883 21.5407 19.7231 22.3607 19.8494 23.8537 23 23.5372 25.4951 26.9258 28 29.7321 31.4006 33.3766 34.4819 5.3852 3.6056 3 0 5.099 5.8309 4.2426 3 7.0711 5 7.6158 9.434 8 31.9531 26.5707 21.9317 30.8058 21.1896 30.4138 20.6155 30.0666 17.72 17 17.72 15.8114 15.8114 14 14.8661 13 12 62.2013 62 20.6155 59.2115 20 32.311 57 55.2268 55 54.231 52.9528 52 46.5188 43.8292 43.566 43.0116 38.5876 37.7359 40.6079 37.8021 33.6006 36.7967 60.4649 59.3633 56.8595 53.535 52.4786 56.8243 47.1699 50.0899 54.626 
21.5407 40.1622 42.0595 37.3631 39.2938 36.4005 39.8121 36.8782 38.4708 40.4475 36.1248 39.1152 55.4437 46.0977 55.9017 51.4198 56.2939 47.1275 48.1041 52.811 20.0998 22.0907 22.3607 25.318 21.1896 23.0868 25.9615 23.7697 26.5707 23.3238 27.7308 22.561 24.1661 26 28.3019 27.4591 30.8869 31.6228 33.5261 35.3412 3 3.6056 2.2361 5.099 0 2 2.8284 5.3852 4 6.4031 6.3246 7 8.6023 27.7308 22.3607 18.0278 26.2488 17 25.7099 16.1555 25.1794 18 18.6815 20.5913 16 18.868 15.8114 18.0278 13 13.9284 63 63.1981 21 60 21.587 37.3363 58.2151 56 56.2228 55 53.2353 53.2353 49.7393 47.1699 47.2017 46.8615 42.2019 41.4005 44.5982 41.7732 37.5366 41.0366 65.192 64.1405 61.5873 58.3095 57.3062 61.7171 51.9711 55.0364 59.6154 
22.3607 40.8534 42.72 37.9473 39.8497 37 40.2616 37.3631 38.833 40.7922 36.3456 39.3192 55.2268 45.7056 55.5788 50.9902 55.9017 46.5725 47.4342 52.2015 20 22 22.0907 25.0799 20.6155 22.561 25.4951 23.0868 25.9615 22.3607 26.9258 20.6155 22.3607 24.1661 26.6271 25.4951 29.1548 29.7321 31.6228 33.541 5 5.3852 3.6056 5.8309 2 0 2 5 2 5.3852 4.4721 5 7.0711 28.6531 23.3238 19.2094 26.9258 18.0278 26.2488 17 25.4951 20 20.6155 22.3607 18 20.5913 17.72 19.7231 15 15.8114 65 65.192 23 62 23.5372 38.0789 60.208 58 58.2151 57 55.2268 55.2268 51.4782 48.8774 48.8262 48.4149 43.8292 43.0116 46.0977 43.2782 39.0512 42.4264 66.2873 65.192 62.6817 59.3633 58.3095 62.6498 53 55.9017 60.4152 
20.5913 39 40.8534 36.0555 37.9473 35.1141 38.3275 35.4401 36.8782 38.833 34.3657 37.3363 53.2353 43.7379 53.6004 49.0306 53.9351 44.643 45.5412 50.2892 18 20 20.0998 23.0868 18.6815 20.6155 23.5372 21.1896 24.0416 20.5913 25.0799 20.2237 21.5407 23.4094 25.5539 25.1794 28.178 29.1204 31.0483 32.6956 5.3852 5 3 4.2426 2.8284 2 0 3 2.8284 3.6056 4 5.3852 5.8309 30.4138 25.0599 20.8087 28.7924 19.7231 28.1603 18.7883 27.4591 20.0998 20.2237 21.5407 18.1108 19.6977 17.2627 18.7883 15.1327 15.2971 65.0308 65.0692 23.0868 62.0322 23.1948 36.2491 60.075 58.0345 58.0775 57.0351 55.4437 55.0818 50.5371 47.8853 47.7074 47.2017 42.72 41.8808 44.8219 42.0119 37.8021 41.0366 64.6375 63.5138 61.0328 57.6888 56.6039 60.9016 51.3128 54.1202 58.6003 
18.0278 36.2491 38.0789 33.2415 35.1141 32.311 35.4401 32.573 33.9559 35.9026 31.4006 34.3657 50.2494 40.7922 50.636 46.0977 50.9902 41.7612 42.72 47.4342 15 17 17.1172 20.0998 15.8114 17.72 20.6155 18.3848 21.1896 18.0278 22.3607 20 20.6155 22.561 24.1661 25 26.9258 28.4429 30.4138 31.6228 7.0711 5.8309 4.2426 3 5.3852 5 3 0 5.3852 2 5 7.0711 5 33.1059 27.7308 23.3238 31.6228 22.3607 31.0483 21.5407 30.4138 20.6155 20 20.6155 18.6815 18.6815 17 17.72 15.8114 15 65.192 65 23.5372 62.2013 23 33.541 60 58.2151 58 57.2189 55.9017 55 49.2443 46.5188 46.1411 45.4863 41.1825 40.3113 43.0116 40.2244 36.0555 39.0512 62.2013 61.0328 58.6003 55.2178 54.0833 58.3095 48.8262 51.4782 55.9017 
23.3238 41.6293 43.4626 38.6264 40.4969 37.6962 40.8044 37.9473 39.2938 41.2311 36.6742 39.6232 55.0818 45.3982 55.3263 50.636 55.5788 46.0977 46.8402 51.6624 20.0998 22.0907 22 25 20.2237 22.2036 25.1794 22.561 25.4951 21.5407 26.2488 18.6815 20.5913 22.3607 25 23.5372 27.4591 27.8568 29.7321 31.7648 7 7.2801 5.3852 7.0711 4 2 2.8284 5.3852 0 5 2.8284 3 5.8309 29.6816 24.4131 20.5183 27.7308 19.2094 26.9258 18.0278 25.9615 22 22.561 24.1661 20 22.3607 19.6469 21.4709 17 17.72 67 67.1863 25 64 25.4951 38.9102 62.2013 60 60.208 59 57.2189 57.2189 53.2353 50.6063 50.4777 50 45.4863 44.6542 47.634 44.8219 40.6079 43.8634 67.424 66.2873 63.8201 60.4649 59.3633 63.6318 54.0833 56.8243 61.2699 
19.2094 37.1214 38.9102 34.0147 35.8469 33.1059 36.0555 33.2415 34.4819 36.4005 31.7805 34.7131 50.0899 40.4475 50.3587 45.7056 50.636 41.2311 42.0595 46.8402 15.1327 17.1172 17 20 15.2971 17.2627 20.2237 17.72 20.6155 17 21.5407 18 18.6815 20.6155 22.3607 23 25.0799 26.4764 28.4429 29.7321 8.6023 7.6158 5.8309 5 6.4031 5.3852 3.6056 2 5 0 3.6056 5.8309 3 34 28.6531 24.4131 32.311 23.3238 31.6228 22.3607 30.8058 22.561 22 22.561 20.6155 20.6155 19 19.6469 17.72 17 67.1863 67 25.4951 64.195 25 34.4819 62 60.208 60 59.2115 57.8705 57 51.0784 48.3322 47.8853 47.1699 42.9418 42.0595 44.6542 41.8808 37.7359 40.6079 63.4114 62.2013 59.8164 56.4004 55.2178 59.3633 50 52.4786 56.8243 
22.8035 40.7063 42.4853 37.5766 39.3954 36.6742 39.5601 36.7696 37.9473 39.8497 35.171 38.0789 53.0094 43.1856 53.1507 48.3735 53.3385 43.7379 44.3847 49.2443 18.4391 20.3961 20.0998 23.0868 18.0278 20.025 23.0217 20.2237 23.1948 18.9737 23.7697 16.2788 17.8885 19.6977 22.2036 21.2132 24.6982 25.2982 27.2029 29.0689 9.2195 9 7 7.6158 6.3246 4.4721 4 5 2.8284 3.6056 0 2.2361 3.1623 32.45 27.2029 23.3452 30.4138 22.0227 29.5466 20.8087 28.4605 24.0832 24.1868 25.2982 22.0907 23.4094 21.2132 22.4722 19.105 19.2354 69.029 69.0652 27.074 66.0303 27.1662 38.0789 64.0703 62.0322 62.0725 61.0328 59.4138 59.0762 54.1295 51.4296 51.1077 50.4777 46.1411 45.2769 48.0104 45.2217 41.0488 44.0454 67.0075 65.8027 63.4114 60 58.8218 62.9682 53.6004 56.0803 60.4152 
25 42.9418 44.7214 39.8121 41.6293 38.9102 41.7852 39 40.1622 42.0595 37.3631 40.2616 55 45.0999 55.0818 50.2494 55.2268 45.5412 46.0977 50.9902 20.6155 22.561 22.2036 25.1794 20 22 25 22.0907 25.0799 20.6155 25.4951 15.8114 18.0278 19.7231 22.6716 20.6155 25 25.0799 26.9258 29.1548 10 10.198 8.2462 9.434 7 5 5.3852 7.0711 3 5.8309 2.2361 0 5 31.4006 26.2488 22.6716 29.1548 21.2132 28.178 19.8494 26.9258 25 25.4951 26.9258 23 25.0799 22.561 24.1661 20 20.6155 70 70.1783 28 67 28.4429 40.3113 65.192 63 63.1981 62 60.208 60.208 55.9017 53.2353 53 52.4309 48.0208 47.1699 50 47.2017 43.0116 46.0977 69.2026 68.0074 65.6049 62.2013 61.0328 65.192 55.8032 58.3095 62.6498 
21.2132 38.5876 40.3113 35.3553 37.1214 34.4819 37.1618 34.4384 35.4683 37.3363 32.573 35.4401 50 40.1123 50.0899 45.2769 50.2494 40.6079 41.2311 46.0977 15.8114 17.72 17.2627 20.2237 15 17 20 17.1172 20.0998 15.8114 20.6155 15 15.8114 17.72 19.7231 20 22.3607 23.5372 25.4951 26.9258 11.1803 10.4403 8.544 8 8.6023 7.0711 5.8309 5 5.8309 3 3.1623 5 0 35.5106 30.2324 26.2488 33.541 25 32.6956 23.8537 31.6228 25.4951 25 25.4951 23.5372 23.5372 22 22.561 20.6155 20 70.1783 70 28.4429 67.1863 28 36.0555 65 63.1981 63 62.2013 60.8276 60 53.8516 51.0784 50.5371 49.7393 45.618 44.7214 47.1699 44.4185 40.3113 43.0116 65.2993 64.0312 61.7171 58.258 57.0088 61.0328 51.8556 54.0833 58.3095 
45.1774 63.0079 65.0077 61.0328 63.0317 60.0333 64.1249 61.131 63.2851 65.2763 61.6604 64.6297 82.2253 73.3757 82.9699 78.7464 83.5225 74.6726 75.7694 80.4114 47.1275 49.0408 49.6488 52.4976 48.8467 50.6952 53.4883 51.4782 54.231 51 55.4617 45.3431 48.7955 50.2096 53.8145 49.2037 55.8659 54.6717 56.2228 59.4643 26.5707 28.4605 29.1548 31.9531 27.7308 28.6531 30.4138 33.1059 29.6816 34 32.45 31.4006 35.5106 0 5.3852 10.198 4 10.7703 6 11.6619 9 25.7099 30.5941 35.5106 25.318 35.2278 30.1496 35.1283 25.02 30.0167 56.7979 59.1692 26.5707 54.1202 31.3209 60.0083 54.9181 50.6063 53.2541 49.7393 45.618 50.8035 58.8303 57.3062 59.0339 60.0083 54.626 54.231 58.8727 56.3028 52.4976 57.28 83.2406 82.7103 79.8123 77.1298 76.6877 81.5843 71.3863 75.8024 80.7527 
