NAME : C1_2_1
COMMENT : Converted to TSPLIB by Accorsi & Cavaliere.
TYPE : VRPSPD
DIMENSION : 201
EDGE_WEIGHT_TYPE : EXPLICIT
EDGE_WEIGHT_FORMAT : FULL_MATRIX
CAPACITY : 200
0 37.855 21.095 89.9389 78.2304 62.9365 36.6742 79.2591 91.2195 39.0512 63.6553 37.5766 43.0116 21.1896 46.8615 51.0392 73.3553 17.0294 82.2192 39 33.0151 72.4017 75.0267 78.2368 28 42.107 46.6905 23.5372 39.4462 68.5055 32.2025 43.0116 84.8646 61.0574 58.7282 46.0977 62.434 52.345 70.3847 14.2127 49.5177 39.0128 64.8151 23.7697 29.2746 19.2354 66.5282 51.0392 40.4599 75.213 66.0681 92.6553 77.6209 37.9473 85.9127 56.2228 63.5138 53.7122 66.5282 47.8017 77.8267 24 23.3452 69.3397 24.1868 93.3488 49.93 17.8045 28.7924 74.9466 48.8365 41 77.1751 35.3553 36.8917 82.201 23.4094 40.1995 14.4222 70.8025 43.0116 49.5177 79.925 59.4811 82.9277 42.0119 95.5249 66.8506 92.0217 52.6308 21.4009 48.0104 77.201 51.0392 94.7523 58.6941 42.4382 43.0465 87.7268 37.108 24.0832 35.5106 29.6142 70.8025 79.0253 51.225 65.0538 10.8167 57.6888 18.1108 37.6563 71.3442 67.624 15.2971 65.7647 96.2081 41.0488 77.4209 55.4707 42.19 35.7771 60.7454 36.7696 61.2209 77.201 78.2368 42.7551 92.0217 67.8823 39.3573 41.6173 26.3059 84.3149 38.9487 65.8559 55.9732 85.6329 47.4236 48.7955 34.0147 76.9415 77.6981 73.0616 62.2656 38.6394 80.1561 30.8058 51.1077 70.214 32.6497 71.6938 70.7107 48.8365 50.9313 26.3059 14.7648 67.4759 82.807 55.8659 68.8767 52.6972 76.8375 33.5261 82.801 49.0918 59.6825 43.566 60.959 70 53.1507 65.1153 91.2195 41.1947 25.9615 91.4385 18.3576 62.7694 86.8332 22.4722 21.0238 82.1523 77.1038 84.6286 45.4533 57.3149 81.4002 93.3488 77.1751 58.8303 84.8646 55.9732 81.0247 41.6293 65.8559 81.8352 77.4661 43.4166 73.8173 48.2701 52.345 72.4017 
37.855 0 36.7696 63.3246 57.8014 52.6118 67.0075 44.5533 63.0714 1.4142 52.7731 67.624 75.452 41.0366 72.6154 74.2428 57.0789 30.6105 52.3546 59.0593 70.5762 92.6553 62.8013 99.2975 65.4905 79.7621 73.736 60.075 62.6498 98.6712 55.1543 80.5047 118.224 42.72 51.0882 8.2462 44.0114 28.0179 57.8705 33.8378 76.3217 76.3217 93.6376 41.0366 46.0652 56.2228 54.3415 82.801 70.342 43.2666 94.3398 126.491 100.17 4.1231 55.2268 27.8927 45.0444 32.311 38.8973 72.4983 54.4059 61.5224 43.6578 50.01 61.2046 126.606 81.2158 34.0588 50.6952 111.4 82.6801 3.1623 56.0803 66.6108 61.4654 103.73 47.1275 77.9295 35.2278 99.96 80.3057 26.0192 58.8303 38.4838 62.7694 79.3095 128.406 96.7678 65 77.3886 34.6554 80.2122 99.0202 21.587 128.222 50.1597 66.7083 65.7419 60.5392 1.4142 61.2944 2.8284 47.8539 106.471 48.0208 76.0592 54.7449 35.3553 41.4849 55.3263 75.505 53 96.2081 41.0488 50.3587 129.201 73.2393 45.2217 36.0555 6.4031 58.1808 43.3244 66.0681 90.1388 112.77 59.4811 5 62.2656 57.0701 69.814 66.3099 44.7772 51.0882 68.4105 93.2309 29.4279 119.817 24.0832 27.1662 64.2028 60.0083 114.061 55 42.5441 1.4142 103.586 49.1935 81.6884 106.005 60.4401 58.6941 54.0833 75.3923 78.7718 63.1269 36.6197 95.6347 56.3028 47.0956 54.4518 84.0238 46.1411 71.3092 104.561 80.604 41.4367 6.0828 54.0833 99.0202 78.7909 92.3093 124.852 78.9177 62.0081 125.936 36.8782 43.4626 62.3618 58 58.4209 60.7454 44.2041 105.437 21.095 34.0588 49.6488 64.4127 58.0775 41.1096 118.714 45.2769 62.1772 61.7738 53.3667 104.307 100.499 65.2993 109.59 73.9256 30.0167 108.688 
21.095 36.7696 0 98.1122 60.0083 42.8019 30.8869 81.3204 98.4784 38.1838 43.6005 31.3847 39.8121 4.4721 67.8012 72.111 86.1278 7.2801 88.2326 59.9333 47.1699 93.4933 89.4427 99.2975 42.9535 55.0818 67.4759 41.0488 60.5392 88.0909 53.2353 56.6127 82.1523 43.3244 38.2884 44.0454 44.5982 60.3738 84.5281 7.2801 70.2922 53.4883 84.8999 4.4721 49.3356 36.6197 46.6154 46.6476 60.8276 79.6492 86.2786 90.5539 98.6002 39.0512 91.4002 62.434 74.9466 38.2099 73.5731 68.8186 60.7289 39.3573 43.6578 80.6536 40.8167 90.4268 44.9444 4 49.6588 77.8845 47.5395 39.6232 59.2368 30.8707 57.9828 103.228 44.2832 52.8867 6.7082 90.6863 57.2451 57.6975 61.8466 42.9535 64.405 56.3028 92.0869 86.5563 99.985 73.6003 2.2361 44.2945 98.2293 56.3028 92.1141 38.4187 63.5138 64.1405 95.5249 36.7967 40.3113 33.9411 49.98 72.111 84.2021 72.2011 44.8219 10.2956 39.5601 35.2278 49.2443 83.1685 87.7268 8.544 78.5875 92.9139 37.5766 81.6884 38.833 38.0132 56.8243 42.72 29.6816 81.3449 78.1857 59.4811 40.4599 98.2293 47.634 33.6155 62.6817 46.4866 87.7838 59.4643 86.2786 63.1348 84.119 55.4617 57.7754 28.178 89.56 80.3617 85.0706 44.9222 36.7967 101.045 51.264 45.2217 71.7844 53.6004 85.703 83.2406 69.6563 71.5052 43.0465 6.4031 87.6926 90.9175 35.805 82.2253 47.7074 82.201 43.7379 103.812 44.4185 42.0595 40.6079 40.3113 89.9389 74.027 85.5862 88.8369 53.8516 43.8292 90.3549 2.8284 45.2217 96.1509 41.2311 37.2156 64.0781 80.8084 105.683 52.7731 66.2118 86.0523 100.125 88.8651 41.1096 82.8553 36.3593 62.1772 62.6099 46.0435 102.801 98.4073 64.4981 75.2728 69.2026 61.327 75 
89.9389 63.3246 98.1122 0 109.165 112.009 125.603 29.4109 4.4721 62.0322 111.879 126.4 132.774 101.872 95.1893 92.4446 26.0768 91.0659 13.1529 81.1542 115.209 99.1817 33.1361 105.043 110.603 123.709 97.7394 103.6 86.539 120.54 83.1865 123.422 174.771 99.3227 111.803 58.9406 100.245 38.0132 33.0606 93.1933 98.9798 118.983 114.237 102.577 74.4312 101.671 112.539 140.72 99.8098 23.0217 113.78 182.455 108.167 60.0083 13.4164 35.7771 28.6531 89.6772 24.5967 93.6056 103.392 107.448 77.666 23.7697 105.603 183.251 139.463 94.6678 80.6226 163.132 138.773 61.3514 107.168 124.631 87.7268 109.005 81.5414 122.642 94.578 119.641 122.332 40.8044 109.293 94.2603 113.358 121.491 185.456 118.6 2.2361 96.566 96.2549 137.768 106.118 42.0476 184.621 110.644 89.8888 87.3155 3 62.7694 106.212 65.9242 76.1577 159.906 18.1108 95.8801 113.864 93.2309 99.7246 101.533 122.004 23.7697 115.732 99.8649 30.3645 186.132 130.729 22.2036 93.6483 65.521 83.672 100.404 125.208 111.826 166.292 112.071 61.6847 9.434 115.624 128.406 90.2497 76.0066 22.3607 97.9898 111.4 34.9857 175.368 43.0116 41.2311 122.801 24.0208 165.952 23.3452 98.1835 63.9062 112.161 76.5376 140.417 159.226 91.2414 32.0156 26.4764 98.0306 102.142 106.607 95.9635 114.543 7.2111 107.87 30.4138 142.274 19 119.971 110.005 138.683 98.4124 62.3618 114.756 118.663 98.7623 110.422 181.069 123.458 104.043 181.025 97.4166 99.1817 6.0828 100.21 104.484 110.454 24.3311 109.018 45.4863 32.6497 18.6815 7.2801 20.025 98.5089 174.691 105.546 114.158 82.28 111.544 111.041 109.225 86.0349 162.788 95.8175 37.6431 160.863 
78.2304 57.8014 60.0083 109.165 0 21.095 82.4924 81.0555 107.019 58.1808 20.0998 82.3893 91.2688 62.9682 123.693 126.811 111.683 61.4003 96.0833 112.45 107.154 147.085 118.596 153.483 102.956 114.826 124.016 100.648 114.769 146.728 106.963 116.456 126.436 17.2047 26.0192 56.0803 15.8114 82.8734 113.886 64.8845 126.823 113.464 142.874 60.407 99.7046 96.1769 17.2627 95 118.461 86.1452 144.031 134.807 153.639 61.7738 97 80.0812 99.93 26.2488 88.6454 124.197 6.7082 99.3177 95.5249 103.846 100.623 133.364 93 61.7171 102.65 130.035 99.1817 57.2451 2 83.7257 112.805 157.762 97.8366 112.606 65.2993 148.946 117.175 81.7068 2 19.8494 5 116.245 133.959 145.055 110.073 129.19 58.6003 94.0479 152.84 74.9466 135.329 25 118.444 118.258 106.17 59.1692 100.18 57.1402 101.119 123 91.0879 127.781 20.3961 68.4763 20.5913 94.8262 108.784 107.005 145.661 68.542 105.948 134.937 89.3588 87.0517 23.3452 51.8845 110.454 17.4929 80.399 139.27 128.062 3.6056 55.4617 104.019 18.9737 84.2912 117.796 97.591 89.0898 116.829 143.6 82.5651 129.988 80.2309 83.3847 80.7527 114.018 132.004 108.931 16.2788 56.4358 156.63 102.533 92.0217 123.004 109.809 114.49 108.812 126.036 128.6 102.859 65.7419 145.427 103.484 26.1725 110.055 95.0211 90.1998 103.092 158.493 93.0054 18.6011 54.1295 26.3059 148.122 130.096 142.801 132.834 113.547 103.354 136.195 62.6498 15.6205 110.653 100.344 97.0464 4.1231 85.0235 159.831 77.4726 88.2326 91.0055 107.005 111.086 19.4165 128.133 24.5153 5 115.278 17.1172 157.877 153.717 118.191 126.004 125.1 85.44 127.035 
62.9365 52.6118 42.8019 112.009 21.095 0 61.9839 86.4002 110.644 53.4603 1 61.8142 70.5762 44.9444 109.659 113.455 109.554 45.9674 99.4636 100 89.0674 134.466 115.412 140.584 85.235 96.1769 109.604 83.8153 101.533 130.874 93.8616 97.9439 105.38 13.8924 5.099 54 13.6015 80.3057 110.476 48.8365 112.432 95.2943 127.562 42.19 87.9204 79.404 4.1231 74.027 103.325 89.4427 128.888 113.772 140.264 56.7186 101.203 79.0063 97.5141 22.3607 89.0898 110.454 25.2982 81.8352 83.006 102.24 83.4865 112.379 72.0278 45.3431 89.8109 109.115 78.4092 53.2353 21.3776 63.3482 99.2472 144.693 84.6463 93.9415 48.9183 133.417 98.8383 78.5175 23.0868 18.7883 24.0832 97.949 113.031 129.321 113.283 115.365 41.8688 73.171 139.703 73.0616 114.337 4.4721 104.89 105.119 109.037 53.7587 82.9277 50.9902 89.0505 102.02 94.541 113.952 2.2361 52.4023 12.3693 78.0064 89.9611 105.304 130.384 51.0392 102.956 114.004 68.7314 90.802 18.4391 48.0937 97.4526 12.53 59.8415 123.988 107.019 19.0263 52.0865 108.467 5 63.6396 104.139 85.4459 94.3716 101.863 128.763 81.0555 108.904 76.6551 79.7621 60.4152 112.361 111.041 107.299 15.8114 51.4782 142.948 90.4434 71 102.044 95.483 111.306 106.569 111.732 113.864 85.703 49.0408 130.3 105.575 7.0711 107.056 74 93.2148 84.1724 145.344 72.0625 14.3178 51.0392 5.3852 132.654 116 128.035 111.803 94.8472 86.6083 115.117 45.607 15 112.361 84.0238 79.8812 25.02 89.0505 146.986 73.6817 86.209 95.1262 111.198 110.114 13.9284 107.056 7.6158 21.2132 102.801 4 144.499 140.186 105.262 105.005 111.072 82.4924 106.118 
36.6742 67.0075 30.8869 125.603 82.4924 61.9839 0 111.396 126.507 68.4105 62.9682 1 9.2195 26.4197 70.406 76.1183 110.018 36.4005 116.846 69.0072 36.2353 96.7729 111.615 101.242 35.1141 39.6989 68.884 38.6394 67.1193 81.9878 62.0322 41.8688 51.3128 68.0074 56.8859 74.6324 69 87.6185 107.019 33.3017 71.3092 41.0488 80.9568 27.313 63.1506 36.1248 66.0984 15.8114 60.8769 108.894 82.7647 59.6825 99.2975 68.7677 120.283 90.6863 99.985 65.9242 101.533 72.1803 85.0529 33.9559 57.2713 105.816 36.8782 59.6406 14.2127 33.0151 60.2993 48.3735 17.2627 70 82.2982 2.2361 64.1249 104.355 55.5788 37.6431 31.8904 85.4751 43.4166 84.8116 84.4808 69.2604 85.9884 42.8019 61.4003 81.0062 127.613 75.9276 33.121 13.4164 99.6243 84.8999 61.2944 57.7062 68.469 70.2567 123.227 66.8431 35.9026 64.2028 62.8013 41.9762 113.172 74.7329 63.3482 32.5576 64.0078 35.0571 33.4215 107.912 83.6301 26.1725 102.421 62.2013 7.0711 111.018 65.3758 68.7968 65 67 2.2361 77.8781 47.8017 80.895 71.0282 126.811 65.7343 2.8284 67.4759 60.208 117.456 60.4152 83.7735 90.9065 53.2353 82.6196 84.4038 2.8284 113.6 50.636 109.659 70.0286 67.2012 100.658 63.6396 14.8661 41.7732 58.2151 108.337 107.355 71.0634 71.1688 38.3275 30.4795 84.0952 118.406 56.3205 105.551 17.0294 111.072 28.0179 104.676 13.6015 67.0298 71.2811 57.4891 85 75.4321 83.3847 57.9828 38.2884 41 59.4811 30.2324 70.0071 122.886 41.3038 34.3657 86.5794 110.345 107.205 80.2808 93.0054 115.261 128.425 113.741 66.0303 51.9711 58.1378 83.1865 71.007 65.9242 103.121 98.6813 71.1758 45.1221 71.5891 88.0057 45.3982 
79.2591 44.5533 81.3204 29.4109 81.0555 86.4002 111.396 0 26.4764 43.1393 86.1278 112.045 119.633 85.5862 99.0454 98.0459 43.6005 75.0733 16.5529 84.0536 109.563 110.218 52.2015 116.709 104.547 118.68 101.124 98.0816 89.1403 126.004 83.6002 118.929 162.432 73.0068 86.977 37.6431 73.7564 31.1448 49.3964 78.1025 103.044 114.49 120.004 85.5628 73.6817 95.0789 86.3481 127.142 100.841 9.434 120.037 170.602 119.05 42.638 16.2788 25.318 36.7696 64.195 20.8806 98.0051 75 100.846 74.7329 36.3593 99.7246 170.857 125.607 78.5684 79.9062 154.185 126.606 41.7253 79.0569 110.887 89.3588 121.05 78.8543 117.175 79.511 126.036 118.271 33.3766 81.0062 67.9117 85 117.324 172.734 124.004 29.8329 102.02 79.196 124.471 117.277 28.7924 172.43 85.703 93.086 91.022 26.5707 44.5982 100.09 47.3814 75.6637 149.79 12.2066 101.005 88.0568 79.2023 74.0405 94.541 115.551 38.833 122.037 85.276 42.4853 173.511 117.444 8.4853 68.0074 44.2041 85.2877 74.2159 110.535 117.004 156.16 84.1487 41.1096 23.0217 89.4986 114.215 93.1343 74.1485 8.0623 98.8585 118.106 27.074 163.808 34.7131 35.2278 108.577 43.9318 156.924 40 71.5891 44.5533 122.984 76.531 126.151 149.251 91.0824 49.0918 41.8808 102.044 106.075 101.242 80.9197 121.066 25.5539 83.2166 45.2769 128.425 12.7279 112.259 122.025 124.964 72.2772 41.2311 89.8109 125.036 104.005 117.107 169.012 118.106 99.2975 169.838 81.3941 72.5672 32.6497 95.1893 97.6934 82.0061 6.4031 121.754 35.4401 30.1496 10.7703 26.0768 39.6232 72.5328 162.8 80.6536 86.0523 86.0058 85.3756 122.577 119.854 90.0056 152.856 100.02 33.0151 151.605 
91.2195 63.0714 98.4784 4.4721 107.019 110.644 126.507 26.4764 0 61.7414 110.476 127.283 133.869 102.343 98.3717 95.8019 30 91.526 11.1803 84.1546 117.324 103.078 37.3363 109.005 112.645 125.936 100.881 105.683 89.5377 123.976 85.9069 125.718 176.082 97.7394 110.635 58.1893 98.6154 38.9487 37 93.8136 102.201 121.264 117.686 102.927 76.9415 103.6 111.018 141.767 102.694 21.2132 117.277 183.853 112.071 59.9416 10.198 36.0555 31.3847 88.2836 25 96.8401 101.124 109.403 79.925 26.9258 107.648 184.567 140.464 95.1315 83.1865 164.924 140.036 60.9262 105.019 125.607 90.6201 113.004 83.863 124.808 95.2103 123.167 124.68 41.7732 107.075 92.6553 111.113 123.822 186.724 122.025 3.6056 99.925 96.566 138.852 110.041 42.19 185.97 109.444 92.9731 90.4434 4.1231 62.6099 108.227 65.7419 78.7147 161.524 16.1245 99.2018 112.45 94.0213 98.3107 103.407 124.036 27.2947 119.239 100.603 33.7343 187.417 131.795 20.025 92.228 64.846 86.539 98.8585 126.036 115.209 167.92 110 61.0983 5 114.127 129.321 93.3006 78.3901 18.9737 100.846 114.935 35.609 176.799 43.9318 42.4264 123.693 28.1603 167.738 27.074 96.5194 63.561 116.069 79.1581 141.354 160.863 93.9415 36.0139 30.1496 101.242 105.361 108.724 96.6075 118.068 8.9443 106.733 34.1321 143.283 17.4642 121.824 114.004 139.703 96.8762 61.6847 113.565 122.184 102.108 113.952 182.434 125.642 106.231 182.521 97.9081 97.5141 10.4403 102.343 106.4 108.167 22 113.071 46.2277 33.9706 16.0312 3 24.0208 97.0155 176.071 104.346 112.018 85.3815 110.027 115.004 113.111 89.1852 164.438 99.0404 38.8973 162.607 
39.0512 1.4142 38.1838 62.0322 58.1808 53.4603 68.4105 43.1393 61.7414 0 53.6004 69.029 76.844 42.45 73.1642 74.686 56.1427 32.0156 51 59.4811 71.7008 92.9139 61.9839 99.5691 66.6108 80.895 74.3303 61.131 63.1585 99.3277 55.7136 81.6149 119.62 43.3244 52.0384 7.0711 44.5982 27 57.0701 35.2278 76.896 77.4145 94.2444 42.45 46.5188 57.3149 55.109 84.2021 71.0634 41.8808 94.921 127.883 100.499 3.6056 53.8516 26.6833 44.1022 32.8938 37.6431 73.0068 54.6443 62.6498 44.2719 49 62.2896 128.004 82.6196 35.4683 51.264 112.73 84.0595 2 56.4358 68.0074 62.0322 104.01 47.8017 79.0759 36.6197 100.568 81.3941 25.0799 59.1692 39 63.1348 80.399 129.808 97.4166 63.6946 77.8781 36.0694 81.6088 99.3227 20.3961 129.619 51.0882 67.2309 66.2118 59.2368 2 62.3939 4.2426 48.3322 107.824 46.6476 76.5572 55.5788 36.7151 42.2019 56.4358 76.6877 52.0096 96.7988 42.4382 49.4975 130.602 74.6324 43.8292 36.6879 6.4031 58.6941 43.9659 67.4759 90.7579 114.127 59.9333 4.1231 60.9016 57.8705 71.218 66.8506 45.31 49.679 69.1231 93.7763 28.2843 121.202 23.1948 26.3059 65.6049 59.0339 115.395 54.0093 43.0813 2 103.942 49.6588 83.0963 107.355 61.131 57.8705 53.1507 75.9605 79.3788 64.195 38.0132 96.2081 55.0273 48.0416 53.6004 85.4283 44.7772 72.5328 104.848 82.0061 42.0595 5.3852 55.0364 99.6243 79.3095 92.8493 126.246 80.0625 63.0317 127.318 38.2884 44.0114 61.131 59.0085 59.5399 61.0574 42.8019 105.683 20.2237 33.0151 48.2597 63.0635 57.0351 41.7612 120.104 46.1736 62.6099 62.1772 54.1295 104.623 100.846 65.7419 110.941 74.4648 29.0689 110.023 
63.6553 52.7731 43.6005 111.879 20.0998 1 62.9682 86.1278 110.476 53.6004 0 62.8013 71.5681 45.793 110.345 114.11 109.659 46.669 99.2975 100.603 89.9444 135.093 115.572 141.227 86.093 97.0824 110.309 84.6286 102.176 131.655 94.4934 98.8433 106.367 13.4164 6.0828 54.0093 13.0384 80.399 110.644 49.5782 113.137 96.1769 128.316 43.0465 88.4816 80.2122 3.1623 75.0267 104.062 89.2693 129.634 114.756 140.929 56.8859 101 79.0253 97.6217 22.2036 89.0505 111.126 24.3516 82.6801 83.6002 102.313 84.3149 113.358 73.0274 46.0977 90.4268 110.114 79.404 53.3385 20.3961 64.3273 99.905 145.344 85.276 94.8472 49.679 134.183 99.7296 78.6384 22.0907 18.3848 23.0868 98.8383 114.004 130.096 113.137 116.043 42.638 74.1687 140.357 73.1095 115.317 5.3852 105.551 105.759 108.904 53.9351 83.7616 51.1957 89.627 103.019 94.3663 114.63 2 53.1507 12.1655 78.8162 90.8735 105.385 131.137 51.8652 103.097 114.978 69.7209 90.6091 18.2483 48.1664 98.0816 12.083 60.8276 124.74 108.019 18.0278 52.1536 108.259 4.4721 64.6297 104.805 86.0233 94.1116 102.591 129.495 81.0987 109.895 76.7919 79.9062 61.3922 112.446 112.04 107.378 15.2643 51.6236 143.628 91.022 72 103.044 96.1769 111.463 106.677 112.432 114.586 86.5332 49.8197 131.046 105.475 7.8102 107.201 75 93.0591 85.0882 146 73.0616 13.9284 51.0882 6.3246 133.417 116.692 128.763 112.787 95.7549 87.4185 116.108 46.4004 14.4222 112.285 84.8116 80.7094 24.0208 88.8426 147.628 73.8241 86.2844 94.921 111.005 110.164 13.6015 108.046 8.0623 20.2237 103.407 3 145.165 140.858 105.891 106.005 111.759 82.6075 107.117 
37.5766 67.624 31.3847 126.4 82.3893 61.8142 1 112.045 127.283 69.029 62.8013 0 9.0554 26.9258 71.3863 77.1038 110.91 37.0135 117.593 70.0071 37.1214 97.7446 112.539 102.201 36.0555 40.4599 69.857 39.6232 68.1175 82.8553 63.0317 42.638 50.774 68.0294 56.7186 75.213 69.0072 88.4081 107.935 33.9706 72.2772 41.8808 81.8596 27.7308 64.1327 37.1214 65.9242 15.2643 61.8466 109.604 83.672 59.1692 100.245 69.4262 121.017 91.4385 100.846 66.0984 102.303 73.1642 85.0235 34.9285 58.2495 106.677 37.855 59.0762 13.6015 33.6006 61.2944 48.2597 17.1172 70.6045 82.2192 3.1623 65.123 105.304 56.5685 38.4187 32.5576 86.3539 44.2041 85.6037 84.3801 69.3542 85.8429 43.6005 60.803 81.8841 128.406 76.9025 33.6155 13 100.578 85.6329 60.7454 57.5587 69.4622 71.2531 124.016 67.4759 36.8782 64.8151 63.7887 41.7732 113.899 75.71 63.1506 33.3017 64.0312 36.0555 34.2053 108.784 84.5281 26.8701 103.31 61.6117 7 111.723 65.4905 69.3397 66 67.0075 2 78.7909 47.5395 80.7527 71.6101 127.562 65.5134 2.2361 68.469 61.1882 118.14 61.3922 84.6936 91.6788 52.7731 83.4086 85.2115 3.6056 114.49 50.4876 110.535 70.0643 67.8012 101.592 64.6297 14.1421 41.5933 59.2115 109.252 108.24 72.0347 72.1249 39.2938 31.1448 85 119.202 56.2228 106.452 16.4012 111.803 28.8444 105.622 13.0384 67.0671 71.8471 57.2713 85.8836 76.4003 84.309 57.4543 39.0512 41.9762 59.0339 30.8058 70.0286 123.709 42.2966 35.3553 86.4696 111.036 108.157 81.0555 93.8136 115.974 129.19 114.612 66.0681 51.4782 58.0775 83.0241 72.0069 65.7647 104.062 99.6243 72.1734 44.911 72.5672 88.8144 45.2769 
43.0116 75.452 39.8121 132.774 91.2688 70.5762 9.2195 119.633 133.869 76.844 71.5681 9.0554 0 35.3412 71.1758 77.1038 116.108 44.9444 124.459 71.7008 34.9285 97.0155 117.171 101 35.1283 36.2353 69.3542 40.05 69.1809 79.7057 64.9384 38.4708 42.8019 77.0584 65.4905 83.2166 78.0256 94.921 112.712 41.6173 71.5681 38.6264 79.3788 36.4005 67.3573 38.4708 74.6726 8.0623 61.2944 116.778 81.2712 51.0392 98.7168 77.0065 127.988 98.2904 106.508 75.1332 108.977 73.1095 94.0053 35.0143 61.6847 112.33 38.0132 51.225 7.2801 41.6773 63.7887 39.2046 8.0623 78.492 91.1373 8.9443 66.1891 103.812 59.4811 34.4384 40.2244 83.3847 40.2492 92.0978 93.2631 78.4092 94.6414 39.8121 53.1507 78.924 134.826 76.4199 42.0476 5 99.2472 92.6553 52.8015 66.3702 70.0071 72.0625 130.484 75.213 37.0135 72.6705 66.7608 32.7567 120.934 75.326 71.8471 40.4599 73.0616 37.6563 30.4631 114.28 81.9329 34.4093 108.559 53.9073 2.2361 118.929 74.5453 77.5242 67.6018 76.0263 11.0454 76.5376 38.6005 89.56 79.6116 134.38 74.1485 7 69.0072 64.5136 125.495 61.131 82.5651 98.3514 44.4185 89.9389 91.5478 11.7047 119.708 41.4367 115.966 79.1012 75.7166 99.7246 67.4463 9.0554 32.5576 60.1332 114.061 113.534 71.4493 71.0211 39.0128 38.833 82.5409 125.607 65.123 111.508 9.8489 118.802 25.9615 104.048 6.3246 76.1052 79.925 65.9242 83.006 75.6637 82.28 49.4065 34.8855 42 50.6063 38.9487 79.0569 129.808 43.1856 36.2215 95.3362 118.343 106.733 87.7268 100.125 123.11 135.882 120.108 75.1066 43.2666 67.0298 91.7878 73.437 74.5453 102.357 97.9847 73.1095 35.9026 72.2496 95.1315 36.2215 
21.1896 41.0366 4.4721 101.872 62.9682 44.9444 26.4197 85.5862 102.343 42.45 45.793 26.9258 35.3412 0 67.1193 71.6938 89.1852 10.8167 92.2009 60.1664 44.2832 93.1504 92.1954 98.7927 40.3113 51.8652 66.6108 39.0512 60.3738 86.3713 53.3104 53.4883 77.6981 46.5725 40.2244 48.4149 47.8017 64.0078 87.3212 9.2195 69.4046 50.5668 83.4506 2.8284 50.2195 34.7131 48.8774 42.19 59.6657 83.7377 84.8999 86.093 97.9081 43.1856 95.4254 66.2873 78.1857 42.0476 77.3886 68.2642 64.0312 36.8917 44.3847 83.9345 38.6005 85.9826 40.4969 7.2111 49.98 73.4983 43.0813 43.9318 62.2977 26.4008 57.7062 102.626 44.5982 49.6488 8.0623 89.1067 54.231 61.2944 64.846 46.5296 67.2309 53.3104 87.6584 84.8999 103.774 72.9452 6.7082 39.8246 97.6371 60.2163 87.6641 40.4969 63.1348 63.9531 99.3227 41.0122 38.0132 38.2099 50.6952 67.6757 88.2383 71.5612 46.8722 11.0454 42.72 33.3017 45.8803 86.3771 86.2786 6.4031 81.6088 88.4816 33.1059 85.7963 42.4264 42.4382 56.8595 45.8803 25.2389 79.9312 73.736 62.2415 44.8219 102.201 49.6488 29.1548 62.2656 47.2969 91.9674 58.4123 85.0412 66.888 79.6492 59.0593 61.2699 23.7065 92.6553 75.9605 88.2553 48.2701 41.1096 100.21 51.923 40.8044 67.3573 53 88.5268 86.3308 68.8186 70.4344 40.8044 7 86.3134 94.6678 38.0789 85.1645 43.2666 86.2148 40.2616 103.175 39.9625 45.3542 45 42.0119 88.3912 73.2393 84.386 84.3801 50.5964 41.8688 85.8836 4.4721 48.5077 99.7647 39.598 35 67.0671 84.9588 105.152 56.4358 69.7711 90.1388 104.043 92.1141 44.3847 78.3901 38.9102 64.8845 62.7694 48.3735 102.078 97.6524 64.405 70.8378 68.5055 64.846 70.6045 
46.8615 72.6154 67.8012 95.1893 123.693 109.659 70.406 99.0454 98.3717 73.1642 110.345 71.3863 71.1758 67.1193 0 6.0828 70.2638 63.7024 93.7443 15 37.1214 26.5707 66.3702 31.7648 36.0555 40.8044 2.8284 31.7805 10.198 27.074 17.4642 39.2173 101.242 106.527 105.551 79.3788 107.935 68 63.9531 61.0737 4 36.1386 21.3776 69.8928 26.9258 34.7851 113.146 78.0064 10.0499 91.351 21.8403 106.626 30.8058 70.2282 97.8621 74.0068 67.1863 98.0051 79.511 2.2361 122.413 36.4966 29.0689 71.4703 33.541 108.784 78.0577 64.6607 21.9317 82.3468 72.0625 75.0267 122.442 68.2495 11.1803 35.5106 26.0768 41.2311 61.2209 27.6586 37.3363 66.0303 125.252 104.202 128.55 37 111.629 25.0799 97.4064 5.8309 68.2495 75.0267 30.5287 72.3395 109.444 105.475 6.0828 8.0623 94.255 71.3092 34.5254 71.5891 25 82.5409 92.9139 4.4721 111.803 57.6281 103.479 36.0555 43.566 71.5122 23.7697 60.7454 64.846 111.946 70.3491 93.4345 100.424 78.7909 14.5602 106.405 71.8053 18.1108 88.0227 124.085 77.2528 101.39 114.63 72.0069 6.3246 27.8568 100.603 10.0499 20.6155 72.0069 99.6243 65.123 64.0078 68.884 73.3485 85 72.2357 107.448 73.9256 33.3017 23.7697 80.0999 81.5966 14.2127 65.2993 69.0797 3 7.0711 32.249 61.4003 23.0868 89.56 102.591 65.3911 80.0062 90.7965 46.0435 36.0555 77.0584 105.119 78.5493 107.815 26.6833 6.4031 19.6977 105.948 41.4849 29.4279 103.619 65 108.074 89.8888 29.4109 36.1386 127.44 94.2603 38.0789 65.3758 69.2604 95.8853 101.242 76.1577 104.35 99.93 102.533 126.905 13.1529 112.432 35 30.6105 9.2195 84.5044 1.4142 66.0303 81.1542 
51.0392 74.2428 72.111 92.4446 126.811 113.455 76.1183 98.0459 95.8019 74.686 114.11 77.1038 77.1038 71.6938 6.0828 0 67.0671 67.624 91.7878 15.2315 43.1856 21.4709 62.6099 27.2029 42.0119 46.8402 8.544 37.4833 12.0416 28.2843 19.8494 45.2217 107.28 109.713 109.481 80.6226 111.126 67.2681 60.5392 65.215 7.8102 42.2019 22.0907 74.4312 28.178 40.2616 116.846 84 16.1245 90.0222 22 112.606 26.8701 71.5891 95.8853 73.3348 64.9384 100.896 78.0577 4 125.252 42.2966 31.4006 68.884 39.3192 114.791 84.0238 68.8186 24.2074 88.2383 78.1025 76.4853 125.495 73.9797 14.2127 31.241 29 47.2969 65.4599 28 43.3244 65.4905 128.316 107.168 131.712 43.0116 117.644 26.3059 94.6414 4.1231 72.4224 81.0062 26.2488 72.1803 115.434 109.343 8.6023 8.6023 91.6788 72.8972 40.3113 73.4302 26.4197 88.5438 91.2688 3.6056 115.624 61.8547 106.794 41.4849 49.6488 68.6804 24 65.3682 62.0967 117.953 76.2365 92.0489 103.479 80.5295 16.4012 109.659 77.4661 19.4165 93.984 127.35 78.721 99.0404 118.444 77.7817 9.434 29.6816 99.1262 16 20.0998 71.1758 105.622 64.7765 63.3877 74.5252 70.0071 90.8735 69.2604 110.535 75.591 29.8329 25.0599 86.0523 87.5957 18.7883 61.8466 66.0984 7.2111 10.6301 38.1182 65.7343 23.0217 87.0976 106.405 62.2977 86 89.202 52.0865 31.8904 83.0241 108.301 80.0562 111.826 27 6.3246 19.105 111.946 47.5395 35.2278 109.563 69.3397 111.198 86.977 34.9285 41.7732 130.484 93.0054 33.6006 65.307 68 94.2603 98.7168 73.0548 107.564 105.948 106.217 130.177 12.6491 116.103 31.1127 26.9072 8.9443 90.4765 5.3852 65.123 87.0919 
73.3553 57.0789 86.1278 26.0768 111.683 109.554 110.018 43.6005 30 56.1427 109.659 110.91 116.108 89.1852 70.2638 67.0671 0 78.848 30.0832 56.9386 94.0479 73.1095 8.6023 79.0063 89.8276 101.98 72.9178 82.7587 62.2656 94.921 60 101.415 156.605 98.656 108.167 56.0892 99.8248 29.2746 7 80.0062 73.9256 97.0824 88.6002 90.5207 52.345 81.5659 111.018 124.169 75.8024 34.2053 88.0568 163.835 82.0975 53.0377 33.5261 31.6228 12.0416 88.2836 25 68.542 106.892 87.1149 56.6392 8.0623 84.8999 165 123.167 82.28 58.1378 142.899 121.202 56.3205 109.768 108.706 63.8122 83.006 60.1082 101.178 81.2712 93.8616 100.125 31.0644 112.272 93.9415 116.387 99.3579 167.41 93.0054 28.1603 71.1688 84.6463 121.078 80.0562 36.8782 166.208 107.229 65.2993 62.6099 26.0192 56.0357 85.6329 59.0085 53.8145 140.464 32.249 70.5762 111.647 79.1202 98.0051 81.6884 101.119 5 89.9889 85.7963 7.6158 168.003 114.237 35.2278 92.228 61.5224 59.9083 99.4636 110.023 86.3308 146.755 114.018 57.5587 34.1321 113.864 112.712 65.7647 54.4518 40.2492 74.0945 85.6154 29.1204 156.646 33.0151 30 107.331 3.6056 145.726 3.6056 98.0612 58.1378 86.093 53.9073 124.423 139.703 68.0074 6.0828 3 73.0068 77.0779 85.5628 82.5409 88.7694 22.3607 104.173 5 125.897 31.0644 99.905 84.006 122.299 97.4936 58.6941 111.162 92.8924 73.3894 84.6463 162.61 101.912 82.7345 161.969 84.7703 99.0404 20.2237 79.2086 84.386 113.842 37.2022 83.0963 36.0139 23.5372 34.8855 33 6.0828 97.3242 156.208 102.313 116.482 57.7062 110.027 85.0059 83.1505 61.2699 143.178 70.7743 27.074 140.858 
17.0294 30.6105 7.2801 91.0659 61.4003 45.9674 36.4005 75.0733 91.526 32.0156 46.669 37.0135 44.9444 10.8167 63.7024 67.624 78.848 0 81.4002 54.7083 47.0744 88.8144 82.201 94.8103 42.45 55.5788 63.6396 39.3954 55.8032 85.4459 48.2597 56.8859 87.6584 44.2945 41.8688 38.2753 45.6508 53.2353 77.2787 4 66.468 53.3667 81.8352 11.7047 43.4626 34.9285 49.5177 52.2015 57.4891 73 83.0963 95.9635 94.3663 32.5269 84.6463 55.4707 67.6757 37.6431 66.5733 64.5368 61.327 38.6005 38.0132 73.3894 39.5601 96.0208 50.6063 3.6056 44.4185 81.9329 52.3546 33.6006 60.4152 36.0555 53.4135 98.8585 39.1152 53.4603 5.099 87.8009 57.2713 50.5371 63.1348 43.0813 66.0379 56.2939 97.8008 83.8153 92.9624 69.4262 6 49.6488 93.8616 49.4065 97.6524 41.7732 59.0339 59.4054 88.5099 30.4795 39.2173 27.8029 44.2832 76.5572 77.4661 68.0147 48.1041 7.2801 40.8167 33.6155 50.1597 75.8947 84.6463 10.7703 71.3092 98.6002 42.72 75.0733 39 32.6497 51.8652 43.909 35.4683 78.2432 82.7647 61.2944 34.6699 91.4002 50.9313 39.2046 58.258 40.7185 81.3204 55.9732 82.8794 56.0803 89.3588 48.3011 50.5668 33.6006 82.28 84.5044 77.7946 45.618 30.8058 97 45.618 51.0882 76.1577 49.5177 78.4474 75.9605 65.7647 67.9412 41.7852 6.3246 84.5044 83.863 38.8973 74.9533 53.4135 75.4321 45.0111 99.4887 50 42.9418 34.9857 44.2041 87.0057 70.0357 82.134 94.3027 54.4518 42.0476 95.5249 6.4031 46.0652 89.0056 38.9487 36.0555 65.3682 74.2765 101.213 45.6508 59.0339 79.3977 93.2309 81.5966 42.0595 88.2043 38.9487 64.0703 57.4543 48.8365 98.5951 94.2603 59.6406 79.7057 65.1153 54.1295 79.1202 
82.2192 52.3546 88.2326 13.1529 96.0833 99.4636 116.846 16.5529 11.1803 51 99.2975 117.593 124.459 92.2009 93.7443 91.7878 30.0832 81.4002 0 79.0759 109.772 101.242 38.4838 107.466 104.957 118.596 96.1041 98.1122 84.4038 120.071 80.0062 118.533 166.931 86.5794 99.4636 47.1699 87.4643 30 36.6879 83.8689 97.6729 114.061 113.864 92.6553 70.5762 95.7183 99.8499 132.276 97.1236 10.0499 113.635 174.828 110.223 49.3964 4.1231 26.1725 27.0185 77.1038 15.8114 92.3959 90.2718 101.548 72.9178 24.3311 99.985 175.414 130.908 85 76.896 156.605 130.863 50.0899 94.0851 116.043 85.1645 111.647 76.9675 117.337 85.276 119.604 117.618 32.8024 96.1873 81.4985 100.245 116.726 177.496 118.089 14 95.8853 86.267 129.418 108.296 32.0156 176.867 98.27 88.0738 85.703 10.198 51.9711 100.499 55.0727 72.45 152.895 5 95.0368 101.272 84.2912 87.1321 95.4149 116.284 25.9615 115.624 90.7855 31.257 178.213 122.348 9.0554 81.0494 53.8516 81.0432 87.6926 116.276 111.158 159.298 99.0202 50.1597 10 102.956 119.67 88.295 71.6938 10.6301 95.2103 111.45 26.2488 167.836 34.8281 33.8378 114.022 29.5296 159.402 26.5707 85.3756 52.7731 114.215 73.0548 131.712 152.269 87.9204 36.0555 29.1204 96.6902 100.807 101.213 86.6833 114.529 9.2195 95.5667 32.9848 133.735 6.3246 113.719 112.641 130.177 85.7088 50.6952 102.391 118.609 98.0051 110.454 173.358 118.207 98.8838 173.658 87.8009 86.3713 16.1245 94.8947 98.4784 97.3293 11.1803 112.009 36.7967 25.9422 5.8309 12.083 25.0599 85.8429 167.027 93.1719 101.079 80.604 98.8585 113.442 111.162 84.5281 155.862 94.541 30.5287 154.201 
39 59.0593 59.9333 81.1542 112.45 100 69.0072 84.0536 84.1546 59.4811 100.603 70.0071 71.7008 60.1664 15 15.2315 56.9386 54.7083 79.0759 0 41.1461 34.6554 54.037 41.0366 38.2753 47.4342 17.1172 32.0156 5.3852 42.0476 7.0711 46.4004 106.513 95.462 96.2601 65.3911 96.8762 53 51.0392 52.7731 19 42.4382 36.2215 62.7694 13.0384 33.2415 103.233 79.2465 18.868 76.4199 36.4966 112.712 41.4005 56.3649 83.1986 59.0085 52.811 86.3713 64.6297 14.1421 110.635 37.108 17.0294 57.3847 34.2053 114.495 78.9177 56.356 10.2956 89.5879 74.2159 61.2699 111.072 67.0298 7.0711 45.3431 15.6525 47.1699 53.2259 42.4264 44.8219 51.0392 113.899 92.6984 117.388 44.2041 117.201 40.05 83.3847 18.6815 59.9416 76.1183 40.4599 57.4282 115.382 96.0208 9.0554 7.0711 80.0562 57.7062 35.171 58.3095 11.4018 88.5889 78.0897 17.4642 102.201 49.6588 92.6984 34.1321 48.3011 57.6975 38.4708 54.0833 50.9902 117.631 70.4557 78.5175 89.1067 65.3682 4.1231 95.483 70.0071 33.0606 94.5145 113.146 63.5059 86.977 105 71.0634 9.2195 14.8661 85.7088 17.2047 34.9285 57.0088 105.546 50.1597 49.0102 67.0075 60.208 92.358 58.5918 96.1769 60.4152 44.6542 10 80.7527 87.7097 12.53 52.4309 55.4707 18 22.0227 33.8378 53.7122 37.6563 75.2728 93.0054 51.9711 81.2158 75.9539 49.0408 46.0977 77.9295 94.0479 64.846 98.737 41.4367 20.3961 33.9559 111.803 47.7074 30.6757 110.145 57.2713 96.8762 76.0592 28.6356 35.5106 116.043 79.3095 47.3814 50.4876 54.3323 81.0494 86.977 62.6498 93.3488 105.551 92.6175 115.974 2.8284 102.45 45.607 41.6173 6.3246 90.9175 16.0312 51.0392 87.983 
33.0151 70.5762 47.1699 115.209 107.154 89.0674 36.2353 109.563 117.324 71.7008 89.9444 37.1214 34.9285 44.2832 37.1214 43.1856 94.0479 47.0744 109.772 41.1461 0 62.2896 92.957 66.0984 5.099 9.2195 35.0143 11.6619 37.3363 45.793 35.5106 10 65.3911 90.4765 84.22 78.7718 91.7606 80.0625 89.1964 43.1741 37.0135 6.3246 44.7772 46.9574 41.7253 14.5602 93.0591 41.1947 27.074 104.216 46.6154 71.5891 63.7887 70.214 113.741 85 86.8332 84.6463 94.0213 39.2046 107.838 9.0554 37.6431 92.3147 9.8489 73.3485 41.4367 45.8803 36.2353 49.0408 35 73.6817 106.405 34 34.5398 68.884 33.9706 7.6158 42.45 49.2443 10.198 77.3692 109.005 89.8443 111.485 9.2195 76.0592 44.7772 117.414 42 48.7032 38.3275 64.3273 80.7775 74.2428 84.5991 37.108 39.5601 113.464 69.7209 9.4868 68.3593 40.3609 47.5079 107.355 41.0122 90.9175 39.8121 86.7295 15.2971 7.2111 93.5094 47.4236 38.6264 87.046 76.4853 34.4819 106.452 85.7263 75.1665 37.1214 89.8888 38.0789 41.7852 53.535 106.513 75.5381 119.038 93.6483 37.1618 36.1386 39.6232 113.635 27.2947 47.7598 84.0773 64.4127 75.5844 76.0592 35.5106 97.5807 51.8556 94.8472 92.0272 71.4493 64.846 40.4599 43.566 46.6476 28.6356 90.6091 91.9674 37 36.2215 8.6023 41.7612 47.927 108.467 82.2982 89.0955 43.1856 105.119 9.0554 69.1231 40.4475 89.1964 76.4199 85.7555 48.7647 41.0488 47.4342 70.6612 8.544 11.3137 69.1158 44.5982 92.358 111.041 15 12.1655 111.234 106.513 71.8053 74.3236 83.863 110.018 119.817 99.0858 88.2553 64.405 83.1925 109.165 42.1545 92.5905 67.4463 63.0635 40.8044 49.93 38.0526 79.2591 47.2017 
72.4017 92.6553 93.4933 99.1817 147.085 134.466 96.7729 110.218 103.078 92.9139 135.093 97.7446 97.0155 93.1504 26.5707 21.4709 73.1095 88.8144 101.242 34.6554 62.2896 0 66.6108 6.7082 61.9839 64.0703 27.8927 58.2409 33.0151 29.2062 40.6079 62.1289 123.628 130.115 130.602 98.27 131.529 80.9568 66.1211 86.5332 25.4951 60 24.1868 95.8801 47.4236 61.3514 137.768 103.484 35.9026 101.435 22.4722 128.098 9 89.5879 105.171 86.977 74.4312 120.967 89.4427 25.0799 145.165 62.8172 51.6624 77.0584 59.9083 130.614 103.697 90.1388 44.6878 103.078 97.1854 94.578 145.691 94.5939 35.5106 11.1803 49.8197 65.0077 86.8217 26.1725 60.1332 79.712 148.519 127.311 152.03 60.075 133.555 28.0179 101.242 20.8806 93.7443 100.603 7.0711 87.0919 131.027 130.419 30.0167 29.4109 99.0454 91.2634 60.8769 92.2009 45.9674 104.561 101.71 22.1359 136.653 83.2166 127.35 62.6259 68.0294 76 23.6008 86.8332 70.0643 133.754 96.3379 103.247 123.746 99.0454 37.0135 130.138 98.2344 24.6982 109.444 147.801 96.7988 107.005 139.463 98.27 30.8869 49.4975 109.895 36.4005 19.7231 84.4808 121.396 79.4796 77.4919 95.3362 75.326 105.513 76.0263 130.817 94.0479 13 44.5533 105.802 103.576 40.2492 67.1863 73.0068 25.7099 26.0768 58.4637 87.1321 22.2036 95 127.44 69.0072 105.475 99.8499 71.3442 12.083 102.703 128.701 98.1835 133.004 25.4951 21.3776 19.2354 127.675 65.0308 55.7853 124.664 90.7359 131.522 93.2631 55.9732 62.6418 150.655 104.561 12.8062 80.6226 80.2808 104.69 106.075 79.1581 128.004 122 127.142 150.629 31.8277 137 12.3693 10.0499 29.2062 106.099 25.2982 78.4474 102.391 
75.0267 62.8013 89.4427 33.1361 118.596 115.412 111.615 52.2015 37.3363 61.9839 115.572 112.539 117.171 92.1954 66.3702 62.6099 8.6023 82.201 38.4838 54.037 92.957 66.6108 0 72.2496 89.0225 100.449 69.1158 82.0061 59.203 89.8888 57.9828 99.7046 156.707 105.019 113.745 62.6418 106.231 35.7351 5 82.9759 69.8355 95.483 83.5703 93.7443 51.4004 81.2712 117.085 125.22 72.8011 42.8019 82.8734 163.683 75.5381 58.6941 41.7852 38.9102 18.7883 94.5939 33.3017 64.4981 114.018 86.6083 56.3028 16.2788 84.2021 165.024 124.338 85.5102 56.7274 141.993 121.803 62.3699 116.709 110.168 61.0737 76.1052 59.4054 99.8248 84.1724 88.5438 98.2904 37.108 119.269 100.424 123.369 97.5807 167.523 88.0227 35.0571 66.6408 88.1192 122.09 73.437 43.6578 166.148 112.872 61.8547 59.0762 33.541 61.6604 85 64.4981 52.6308 140 40.8167 66.1891 117.546 81.7435 104.139 81.5414 100.125 13.4536 84.7585 88.3233 12.6491 168.074 115.395 43.8292 98.4886 67.6831 57.3847 105.759 111.79 81.5414 146.209 120.806 63.7887 41.7732 119.854 114.237 62.426 53.8238 48.7647 71.218 80.3243 36.2491 156.474 38.833 35.6931 109.005 9.2195 144.81 12.2066 104.547 63.9531 79.511 52.4976 125.718 139.201 65.7951 4.1231 10.6301 68.9638 72.9452 84.6463 85.3756 83.4865 30.3645 109.772 8.544 127.012 39.6611 99.4032 77.1038 123.438 103.812 65 116.726 87.5957 68.8767 79.3788 162.542 100.499 81.6884 161.604 87.8635 105.513 27.074 78.4092 84.0536 120.905 45.8039 76.0066 41.7732 30.4631 43.4166 40.3113 13.6015 103.586 156.157 108.046 123.329 54.4059 116.103 78.2304 76.6551 57.6888 142.611 66.7308 33.2415 140.089 
78.2368 99.2975 99.2975 105.043 153.483 140.584 101.242 116.709 109.005 99.5691 141.227 102.201 101 98.7927 31.7648 27.2029 79.0063 94.8103 107.466 41.0366 66.0984 6.7082 72.2496 0 66.2193 67.0671 32.6956 62.9682 39.0512 28.6356 46.7547 65.0308 125.782 136.473 136.653 104.957 137.888 87.5957 72.0069 92.4175 30.0832 63.2851 24.7386 101.548 53.9073 66.3099 143.934 107.201 40.4969 107.87 22.8035 129.877 4.2426 96.2549 111.364 93.6056 80.7527 127.405 95.901 30.5287 151.644 67.3573 57.9828 83.2166 64.5136 132.518 107.517 96.0208 50.9313 104.738 100.717 101.242 152.109 99.0404 41.4005 4.4721 55.9732 68.1836 92.6553 25.0599 63.0317 86.3771 154.935 133.735 158.417 63.0714 135.484 27.8568 107.075 25.9422 99.6243 104.393 2.2361 93.7763 132.834 136.499 35.805 35.4683 105 97.9081 65.4599 98.813 52.4023 106.677 108.046 27.2947 142.762 89.0505 133.66 67.624 71.4493 82.0549 23.4094 92.4392 76.2365 135.636 100.439 109.659 130.138 105.683 43.1856 136.473 102.786 26.1725 111.306 154.149 103.465 113.018 145.578 102.616 36.6197 55.9017 116.25 41.2311 20.3961 91.0934 123.321 86.1626 84.1546 99.93 81.0987 107.079 82.0061 137.208 100.688 7.6158 50.9902 109.659 105.683 45.793 73.0274 79.0253 30.4631 30.0832 62.9365 92.9139 22.1359 101.045 133.544 75.0267 109.179 106.212 75.1332 5.3852 106.532 135.059 104.848 139.014 24.5967 26 20.2237 129.553 68.1175 60.407 126.301 96.5194 137.902 99.0808 60.9262 67.4166 157.08 111.005 6.4031 87.3212 86.8332 111.018 112.004 85.0235 134.35 124.036 133.304 156.978 38.2099 143.178 6 5.6569 35.3836 108.046 30.4138 85.0706 104.235 
28 65.4905 42.9535 110.603 102.956 85.235 35.1141 104.547 112.645 66.6108 86.093 36.0555 35.1283 40.3113 36.0555 42.0119 89.8276 42.45 104.957 38.2753 5.099 61.9839 89.0225 66.2193 0 14.3178 34.2345 7.0711 34.9285 47.8017 32.2025 15.0333 68.4251 86.1626 80.455 73.6817 87.4643 75.1798 85.1469 38.6005 36.4966 11.0454 46.1411 43.0465 37.6431 9.4868 89.1852 42.0119 26.1725 99.2824 47.8853 74.9466 64.195 65.1153 108.908 80.0562 82.3286 80.0812 89.1852 38.0132 103.465 4 33.2415 87.8635 5 76.5376 42.0119 41.4367 32.45 53.0754 36.3456 68.593 102.157 32.8938 32.0156 69.2604 29.7321 12.6491 37.9473 51.0392 15.0333 72.4707 104.785 85.3815 107.355 14.0357 79.177 46.6154 112.801 41.3038 44.3847 39 64.56 75.7694 77.5242 80.7775 35.2278 37.4833 108.812 64.6297 4.4721 63.2851 36.4005 51.0392 102.474 40.1995 87.1321 35.171 82.4621 10.198 11.4018 89.1403 48.8774 34.4384 82.7345 79.6492 34.3657 101.518 81.2712 70.1142 34.176 85.6154 36.7696 42.9418 57.2014 102.416 70.4557 114.28 89.8888 36.4005 34.2345 35.3836 108.688 26.0192 48.7545 79.177 67.7422 70.6612 71.1969 34.0147 93.3809 55.9017 90.5207 87.6641 66.3702 65.5515 36.6197 44.0454 50.2195 25.9615 86.5563 87.6812 36.3456 36.1386 4.4721 37.3363 49.2443 103.812 78.3901 84.8999 44.0114 100.24 10.7703 69.5701 41.0122 84.8646 71.3442 82.0975 50.4777 40.6079 48.3322 73.9256 13.6015 7.6158 72.6705 40.3113 88.0227 106.527 10.6301 7.0711 107.019 101.553 72.1249 69.3542 79.0759 105.119 115.109 94.7629 83.9345 67.6018 79.177 105.095 39.5601 88.6848 68.0074 63.5689 38.6394 53.6004 37.1214 74.4312 51.0882 
