NAME : C2_2_1
COMMENT : Converted to TSPLIB by Accorsi & Cavaliere.
TYPE : VRPSPD
DIMENSION : 201
EDGE_WEIGHT_TYPE : EXPLICIT
EDGE_WEIGHT_FORMAT : FULL_MATRIX
CAPACITY : 700
0 47.4236 71.5891 41.7732 27.2029 78.6448 57.2713 21.4709 53.0848 33.6155 63.6553 24.6982 57.3847 59.5483 44.0454 31.0644 30.4138 28.6531 67.1193 36.8782 89.8721 30.6105 43 26.4008 12.53 79.0759 62.8013 76.8375 7.8102 66.7308 27.2029 72.8011 50.2494 64.5368 48.7545 28.4429 22.0227 68.6804 42.2019 35.7771 33.7343 29.6985 55.4437 47.5184 53.535 68.7968 28.6356 49.3356 75.6042 14.7648 53.2635 29 8.544 81.8352 40.8167 61.5549 94.0479 66.1891 14.3178 67.1789 29.6142 19.799 31.6228 10.7703 57.5847 36.0555 10 41.0488 26 56.3205 22.0907 79.511 20.5913 51 70.4344 53.8516 61.131 68.0074 47.1699 41 73.5527 74.2496 21.4009 48.9183 76.2758 55.8032 69.527 37.3363 48.8467 30.0167 79.925 65.7647 13 72.3464 25.0799 58.6686 62.7694 65.9242 58.5491 21 68.6804 70.0071 55.5788 72.6705 57.8705 5.8309 59.5483 21.0238 26.4197 67.1193 53.7122 54.4059 85.9127 72.6154 39.3573 63.8201 25.0799 19.2094 75.4321 38.0789 85.4283 55.6058 14.5602 57.8014 53.8145 75.6637 78.7147 78.1025 74.3034 41.7612 86.267 66.7308 45.618 30 40 52.6308 7.8102 55.0364 73.0548 64.846 63.4114 70 18.3848 72.9178 49.0306 76.2168 49.5782 38.9487 60.7454 65.521 49.0918 58.6941 63.2456 64.3817 41.4005 32.8938 43.1045 51 70.7107 56.2228 13.0384 58.4123 25.02 42.1545 60.8358 18.9737 46.0977 30.8058 41.6173 69.7711 19.9249 9.8489 56.7979 24.0416 57.2451 36.2491 41.6173 33.3766 11.1803 27.7849 74.2496 57.3847 69.8928 37.6431 50.4777 84.2912 49.0408 45.1774 12.0416 53.3385 75.0733 47.0425 69.4622 90.9065 80.7217 44.5533 12.2066 54.8179 60.0083 59.4138 21.2132 
47.4236 0 117.661 77.8332 72.2011 126.063 103.465 27.2029 34.1321 80.1561 81.8841 70.4344 73.8241 75.1332 91.4385 73.0616 58.0517 20.5913 24.0832 84.1487 137.295 58.2409 32.9848 72.4707 52.8394 126.016 18.2483 30.8707 55.1725 113.464 43.4166 66.7308 61.9839 78.8543 18.4391 67.082 64.8845 21.9545 22.8035 16.2788 25.0799 54.8179 98.0867 40.8044 100.125 76.5506 23.7697 93.4933 122.919 33.8378 69.5845 53.8516 40 35.7771 87.3212 14.1421 46.6905 27.4591 35.805 84.3445 41.1096 52.2015 77.3886 44.7772 26.6271 69.8928 37.4833 69.5845 26.2488 51.6236 34.4819 126.905 57.3847 60.4152 90.7965 61 38.2099 78.4474 30.4631 80.9568 120.917 89.4986 26.1725 96.3328 32.0156 10.0499 82.7103 45 16.4012 76.5768 126.827 113.172 39.8246 85.1645 37.6563 66.7608 89 52.4309 33.2415 36.6879 87.1321 117.414 31.241 95.4254 35.3553 41.8688 106.963 62.9682 48.8365 69.3542 100.439 12.3693 96.2081 35.6931 17.2627 20.0998 67.9559 28.2843 86.3308 23.0868 94.7048 12.0416 60.803 14 8.0623 79.6241 125.096 125.495 120.93 47.676 100.285 33.6155 76.9415 53.6004 32.3883 6.0828 55.2268 21.6333 118.119 93.0484 18.4391 91.5478 64.5368 119.038 93.0215 123.556 97 85.276 107.801 61.4003 37.6962 47.0106 61.7171 82.8734 57.0351 78.0064 84.0773 17.0294 118.106 103.586 35 105.475 34.7131 48.1664 24.6982 31.0644 24.1661 25.4951 56.0089 30.1496 30.5287 45.2769 59.203 42.9535 21.0238 82.0061 11.1803 37.054 36.7967 74.411 26.9072 56.921 78.4347 72.111 97.6166 36.8782 96.4261 41.1096 59.4643 94.3716 122.348 36.0555 28 138.293 128.004 86.8332 59.397 101.912 25.4951 95.2103 51.0784 
71.5891 117.661 0 73.8241 57.1402 22.8035 14.3178 93.0376 122.528 48.0104 76.4003 56.4358 77.8332 79.3788 31.0644 63.0079 66.7083 100.18 133.417 41.0488 31.0161 84.214 112.089 54.3323 64.8999 12.1655 130.419 144.461 64.622 7.6158 79.9062 133.06 82.7647 82.28 113.455 70.0286 53.0094 137.412 113.296 107.355 104.752 86.4696 25.0799 114.337 39 92.3472 95.2103 52.811 16.7631 83.863 77.4726 86.5794 77.8974 149.305 44.2832 131.469 163.218 130.177 85.6154 78.8543 83.4386 67.3573 40.3113 72.9452 119.503 77.1038 81.3941 61.4003 92.4175 119.821 84.8116 21.3776 61.7171 85.4751 74.6726 111.018 130.507 88.6002 117.047 65.9242 26.9258 84.0119 92.5905 28.0713 142.524 126.764 85.3756 101.435 120.42 50.1597 12.3693 24.0832 77.9359 86.885 83.6301 88.6397 62.9682 131.381 128.736 82.6196 77.2787 24.2074 125.873 71.1758 114.865 76.4788 21.9317 66.6108 74.2496 98.2344 18.4391 122.004 96.5194 134.38 105.423 130.874 63.1981 90.3549 90.802 109.202 97.7394 123.6 57.2451 125.603 122.886 100 7.8102 20.6155 6 87.8009 91.0879 127.35 55.4617 71.5891 109.202 123.309 64.0781 118.929 7.2111 59.4138 131.21 72.5603 59.439 1.4142 26.2488 17.72 28.1603 46.1736 14.3178 104.202 117.154 124.78 100.623 76.1577 98.1275 54.0093 63.3482 116.387 25 21.587 82.8553 33.121 85.9127 104.938 124.523 90.471 117.047 101.951 99.1817 133.69 91.3893 72.4017 116.108 78.5684 121.828 50.0899 109.622 101.139 82.7647 51.3517 143.694 118.271 91.7606 76.2365 23.0868 154.208 27.0185 96.6747 60.1664 63.3246 30.0167 115.447 134.536 28.4429 31.9531 59.6657 61.3514 33.6155 123.069 77.6209 81.3941 
41.7732 77.8332 73.8241 0 21.9317 67.897 62.3618 52.1728 62.9365 27.7308 100.703 24.7588 95.7706 98.0051 43.9659 14.1421 68.8767 57.5674 101.242 34.5398 76.6551 20.2485 53.9073 25.4951 50.6952 75.0067 95.8175 108.632 37.3363 66.4831 68.884 61.8466 90.6201 102.956 85.9884 13.3417 51.614 99.5389 60.7454 61.8466 54.1202 23.8537 71.5891 51.7397 37.2156 108.747 67.1193 23.7697 68.1836 54.0093 92.1303 24.6982 49.2544 113.464 29.6142 90.8735 122.188 102.391 44.4072 104.307 71.3863 59.2368 49.0408 52.3927 95.7549 8.0623 47 76.5506 65.0308 52.3546 63.2851 69.7209 57.2451 91.7606 105.802 40.1622 69.527 107.331 59.5483 8 60.208 111.517 54.7449 45.8912 109.731 82.7345 107.912 38.8973 70.4911 27.4591 76.0066 55.2268 54.5894 110.639 66.7533 99.1615 95.7758 64.4127 70.0071 62.514 105.119 58.5491 67.897 106.527 98.0204 46.2709 53.0377 21.1896 67.3573 108.167 57.0088 88.3233 124.169 109.836 76.6551 97.4166 18.868 53.4603 114.127 57.8014 124.036 88.8876 43.0465 91.0934 85.703 116.078 78.1601 68.593 73.171 83.4326 123.146 104.938 78.2432 70.0071 52.0096 81.0247 38.6264 92.228 78.8543 96.2081 96.1353 104.809 28.3019 74.6726 64.0078 68.2642 45.7056 27.8927 59.5399 107.201 55.9017 59.3633 104.809 101.242 29.6816 21.4709 11.1803 87.4757 58.6941 52.345 52.0096 44.2832 66.3702 39.8246 97.6729 48.0521 63.0079 52.8015 31.0644 105.759 48.2701 51.4198 45.8803 65.7343 93.7443 24.3516 76.6877 43.8292 46.0435 27.8029 103.315 48.8467 109.59 5.8309 51.6624 111.508 47.0744 86.8332 37.1214 18.4391 59.9083 55.1543 104.547 79.8311 64.846 15.2971 34.4384 42.0476 97.3242 18.0278 26.9258 
27.2029 72.2011 57.1402 21.9317 0 57.2451 44.0454 45 67.5426 9.4868 79.6492 3.1623 75.2396 77.4726 26.0768 7.8102 49.0408 51.8556 93.5361 16.1245 67.7422 27.074 57.2451 3.6056 32.1403 61.131 88.8369 102.626 20.2237 50.4876 52 76 71.3092 82.3468 75.7694 13.1529 30.4138 94.0479 60.803 58 52.6308 29.4279 50.6952 58.1893 28.3196 88.8651 55.7136 22.1359 55.7136 41.7852 71.8679 29.6142 35.7351 107.615 15.8114 86.2148 118.697 93.1075 36.4005 83.2406 55.0364 40.4475 27.2029 36.2215 84.7585 21.5407 35.7771 55.4707 53.1413 62.8013 49.0306 58.6003 37.3631 72.7805 84.3149 54.037 75.2396 87.0919 62.6498 17 50.774 90.4268 46.3249 29.6142 102.577 79.3095 87.2353 44.9222 69.527 7 62.0967 43.8292 39.8121 89.8999 51.3517 79.8123 74.027 74.5252 74.2428 47.676 83.863 47.8853 71.5891 84.8116 84.9294 32.8938 39.2173 10.2956 49.2544 89.2693 39 80.6226 103.31 99.7246 66.3099 90.05 6.0828 44.4185 93.5201 57.0088 103.315 81.6333 22.8035 83.863 79.3221 96.4624 62.8013 57.2713 57.8705 66.1211 101.872 93.9202 56.6127 50.9902 54.5894 76.6942 21.095 82.0792 61.0328 74.3303 89.3588 83.2346 9.0554 58.2151 43.0813 56.0803 29.8329 13.6015 43.566 89.56 61.4654 68.1542 86.8332 80.1311 41.0122 5.8309 17.72 77.8781 48.3735 37.108 39.9249 34.4093 51.788 48.0521 87.8465 41.2311 64.0703 50.3289 42.0476 96.6644 41.8688 35.2278 59.0085 49.0102 84.1724 9.8995 68 46.0652 35.8469 6.3246 99.0202 61.131 89.5377 21.4709 34.0588 108.467 30.4138 71.1126 18.0278 27.074 51.614 60.0083 96.1509 69.7711 57.2014 18.0278 16.0312 31.0644 87.0919 36.2491 25.4951 
78.6448 126.063 22.8035 67.897 57.2451 0 28.8617 99.6393 124.776 47.8853 96.8762 57.8014 97.2934 99.0404 34.6554 60.7454 81.8413 106.827 144.499 42.4382 11.4018 82.8734 114.49 55.5698 75.2861 12.8062 140.759 154.897 70.9366 19.0263 93.1933 129.634 100.568 102.421 124.964 68.352 64.6375 147.085 117.661 113.6 109.293 85.7963 45.1774 115.156 30.8058 112.178 105.475 44.2832 6.0828 92.6337 96.3016 86.1626 86.2786 159.862 41.6293 140.186 172.627 142.274 91.4002 99.6092 96.7988 79.8812 51.0392 82.8794 132.201 73.2462 88.6172 79.0569 102.65 118.596 95.901 2.2361 74.3303 103.121 96.0833 107.708 132.424 108.674 119.883 60.0167 8.0623 105.233 100.005 29.7321 153.717 134.317 105.929 101.769 125.925 51.1077 13.4536 13.4164 87.7838 107.671 95.8019 107.28 84.1487 130.602 131.488 93.8616 98.326 9.4868 128.825 93.0054 129.004 84.22 19.105 67.5352 87.983 117.175 28.6356 132.276 118.068 147.411 116.181 141.534 63.0714 97.8366 111.647 113.741 119.151 133.66 65.7951 135.794 132.246 120.033 19.4165 2.2361 17.088 103.31 113.018 140.663 74.2159 86.3539 111.826 131.244 70.8378 130.874 29.7321 81.0062 141.45 94.0479 62.6817 22.1359 43.4166 5.099 29.0689 43.8634 20.6155 122.09 118.596 124.652 118.596 96.7471 95.8801 52.3927 56.7186 127.664 9.2195 22.6716 91.2414 23.7697 97.6166 104.403 136.653 96.4002 121.078 106.78 97.1236 145.866 97.2008 82.134 113.265 91.2634 133.544 47.927 119.52 103.31 89.4986 53 152.84 115.948 111.803 71.8053 29.4109 162.936 29.6985 111.508 66.6033 53.0094 9.8489 117.201 146.219 12.53 9.434 52.6118 66.8431 26.5707 135.418 66.3702 82.7345 
57.2713 103.465 14.3178 62.3618 44.0454 28.8617 0 78.721 108.416 35.3553 68.2642 43.0116 68.4471 70.214 18.4391 50.4876 54.0833 85.8662 119.67 28.2843 39.5601 71 97.9847 41 50.8035 23.4307 116.516 130.599 50.3289 10.8167 66.6033 120.017 71.8679 73.6817 99.7647 57.1402 39.0512 123.406 99.0202 93.0376 90.4765 73.0616 17.2627 100.449 31.1448 83.3607 81.2158 43.566 23.4094 69.6419 67.4463 73.1095 63.6318 135.473 32.8938 117.324 149.201 116.675 71.3092 71.1126 70.1783 53.7401 26.0768 58.8218 106.151 64.7765 67.082 50.3289 78.4092 106.301 70.9366 28.4605 48.0833 74.4648 68.0661 98.0816 116.417 79.9062 102.883 54.7083 29.0172 77 78.2943 17 128.818 112.508 77.3175 87.6926 106.104 37.054 24.0832 22.561 63.8201 79.1581 70.0071 78.4474 56.0357 117.72 114.56 68.7677 70.0071 25.0799 111.683 65.4905 102.005 62.1772 16.5529 53.0848 61.0737 88.3233 5.3852 108.074 90.05 121.165 91.5478 117.034 50.01 76.0592 83.1505 94.921 91.0055 109.636 42.9418 111.665 108.812 91.2414 21.6333 27.2029 17.6918 75.4718 85.4751 114.215 45.3542 58.8218 95.0789 109.078 49.7695 105.361 17 53.3385 117.29 66.1211 45.5412 15.6525 14.5602 24.3516 17.4929 34.4819 9.0554 93.4077 103.16 111.018 89.8888 68.1836 85.0059 41.5933 52.5547 102.65 26.0768 13.6015 68.6003 27.2029 72.1803 91.351 111.018 76.1577 102.786 87.6641 86 120.216 77.0779 58.2495 103.005 65.0692 108.208 38.0789 95.6033 87.0976 68.4471 38 129.619 105.019 83.0241 64.1327 10.7703 140.089 15.6525 84.0536 45.8803 54.3783 32.0624 101.415 120.934 38.4708 36.0555 49.2443 47.1275 26.1725 109.622 68.6003 67.6018 
21.4709 27.2029 93.0376 52.1728 45 99.6393 78.721 0 34.7131 53.0754 73.3553 43.2782 65.8635 67.7422 65.215 46.0652 42.45 7.2111 49.3964 57.3847 110.752 34 26 45.3431 30.2655 100.499 44.2832 57.8014 28.8444 88.193 31.3847 60.803 55.8032 72.4017 34.0588 40.4969 41.9762 49.0918 22 14.3178 14.3178 31.0644 75.9276 32.7567 73 73.7564 17.4642 66.3702 96.8349 12.3693 61.4003 30.0666 16.1245 62.7694 60.208 41.2311 73.7564 50.2195 8.6023 76.5376 31.4006 33.2415 52.9245 23 44.0114 44.5533 11.7047 54.5711 16.6433 43.6005 20.8087 100.603 37 55.4437 81.4371 46.6154 42.4264 74.2024 28.6356 54.4243 94.1754 83.006 3.6056 70 58.1808 34.7131 77.1038 28.0179 27.5136 49.5177 101.356 86.5563 19.2354 79.8812 25.807 63.1269 76.243 50.5668 39.0512 21.9545 78.7147 90.7855 36.0555 84.8646 47.8539 16.7631 80.604 35.8469 34.5398 69.3542 75.1798 36.4005 92.8009 57.7062 25.02 45.6946 40.8167 4.4721 82.201 18.0278 91.8314 37.1618 35.8469 39.3954 34.4819 79.196 100.185 99.2018 95.7706 43.1393 94.8736 53.0848 60.8276 39.5601 23.2594 31.8277 29.1548 40.1995 94.3398 79.3095 44.7214 81.5414 37.4833 94.3716 69.9214 97.4166 70.6045 58.1378 82.1523 64.6375 32.6956 43.382 63.4114 74.2428 37.6962 50.8035 57.3847 35.3553 91.4385 77.4209 12.0416 78.492 23.4307 32.8024 45.5412 4.1231 26 11.4018 37.1618 53.6004 4 23.0217 47.4236 29.0689 41.5933 54.8179 24.5153 20.5183 10.2956 47.3814 54.037 46.6905 75.2861 46.6905 71.8679 63.6553 70.214 41.8808 33.2866 67.7791 95.483 30.4631 52.4976 112.004 101.139 59.9333 32.8024 74.9533 45.2769 70.0357 25.318 
53.0848 34.1321 122.528 62.9365 67.5426 124.776 108.416 34.7131 0 76.9675 107.154 67.2309 99.4032 101.134 92.358 64.6607 77.1298 30.0832 55.3624 83.006 135.118 43.4166 10.4403 69.4622 64.0703 128.16 49.3356 57.2189 58.6941 116.692 65.192 32.6497 88.5494 105.551 52.0096 57.1402 75.0267 48.5077 13.8924 24.6982 20.3961 40 108.462 11.6619 95.0158 105.475 47.0106 84.4038 123.167 47.0744 94.9368 39.4081 50.2494 61.0328 83.1865 39.8121 64.5368 60.5392 39 110.168 64.4748 67.897 84.0119 57.4282 60.7454 55.2268 45.0999 89.2693 47.8539 19.0263 54.4243 126.143 71.3442 87.7097 115.521 31.7805 8.0623 106.55 6.0828 68.884 118.119 116.297 37.3631 96.566 60.8276 31.0483 110.018 24.0832 17.8885 73.9256 129.097 111.36 53.9351 112.712 59.2368 95.0158 110.86 18.4391 7.0711 55.9732 112.539 115.382 5.3852 119.218 69.029 50.04 106.621 57.2713 68.9638 99.6243 104.12 46.0652 125.032 68.7095 47.4236 51.5461 61.7171 39.0512 114.612 17.088 123.822 45.1885 67.3647 46.6154 40.7185 109.859 129.035 124.812 124.278 74.793 127.906 67.5352 95.5249 74.0405 13.3417 32.311 59.5399 55.7584 124.952 114.004 49.0408 115.767 63.2456 123.762 101.833 123.568 96.933 80.9506 110.055 92.957 7.2111 13 92.6175 108.079 34.4093 72.4707 72.4707 51.0392 115.836 104.178 46.6905 101.597 56.4624 23.6008 58.5918 35.1283 10.6301 23.3452 33.0151 62.6259 34.1321 57.3149 28.0713 63.2456 55.0727 76.9415 42.45 21.5407 43.0465 72.2357 49 25 107.187 57.3149 99.93 53.9351 97.1442 70.8025 62.9682 81.3449 118.701 7.8102 59.7746 137.295 124.169 76.2168 61.3922 98.4124 59.5399 77.201 42.0476 
33.6155 80.1561 48.0104 27.7308 9.4868 47.8853 35.3553 53.0754 76.9675 0 78.5493 10 75 77.201 17.0294 15.1327 50.2494 60.1082 100.703 7.0711 58.5235 36.3456 66.6408 7.8102 35.5106 51.6624 96.2601 110.209 25.9422 41.1947 55.7315 85.0529 72.5603 81.9085 82.2982 22.0227 30.4138 101.828 69.8928 66.5282 61.6117 38.833 43.909 67.6757 20 89.2693 62.1772 18.1108 46.2385 48.3735 72.0347 39.0512 42.0595 115.209 7.2111 94.2603 126.811 99.7647 44.5533 82.0792 59.0339 43.1045 23.0217 41.1096 90.8735 29.4279 43.0116 54.7083 59.4811 72.1803 54.4243 49.1935 39.0128 74.3303 82.2982 63.0079 84.6936 87.0919 72.0069 20.8087 41.6173 89.1572 54.037 20.2237 109.836 87.6812 86.6487 54.4059 78.4092 3.6056 52.6308 34.4819 45.31 89.1964 56.0446 80.895 71.3442 83.9524 83.6301 52.811 82.3468 38.5876 80.9506 82.1523 90.1388 39.4462 29.7321 19.6977 52.1536 90.6697 30.1496 87.9204 102.318 106.024 72.9452 97.3499 15.5242 52.0096 92.9731 66.0303 102.528 89.0505 25.1794 91.2634 87.0057 97.0824 53.4603 47.8539 48.5077 69.1809 100.18 99.925 54.5619 53.0094 63.9531 84.8999 26.4008 88.5494 52.2398 71.0282 96.8349 81.0062 15.6205 49.0408 36.3593 46.6154 20.3961 5.3852 34.2345 92.0054 70.9366 77.6209 89.0505 78.924 50.1597 6.3246 19.799 84.5991 39.1152 27.6586 46.6476 25.4951 56.921 57.4891 94.3663 49.4975 73.2462 59.203 51.2445 103.354 50.2096 40.1622 68.1175 52.9528 90.824 4.4721 75.1665 55.4617 43.4166 5.8309 107.056 70.3491 89.7385 28.8617 25.02 116.726 21.095 75.1332 22.4722 26.4008 42.638 69.4622 103.078 60.4152 48.2701 18.0278 21.4709 22.0227 93.4719 38.4187 34.9285 
63.6553 81.8841 76.4003 100.703 79.6492 96.8762 68.2642 73.3553 107.154 78.5493 0 76.5376 8.0623 7.0711 72.9932 86.954 33.2415 77.0779 83.863 75.2861 106.888 94.0691 99.2824 76.4788 51.6624 88.5268 84.214 95.352 64.6607 77.9295 42.0476 133.776 20.025 6.4031 67 88.2326 49.2443 92.2659 93.4077 82.8734 87.2353 93.3488 51.788 106.066 90.6091 16.6433 60.7289 96.1353 91.0824 61.4003 12.3693 92.6553 60.803 99.0404 82.8613 91.022 115.122 77.4661 72.6705 3.6056 42.72 43.8634 56.3205 54.037 66.7533 97.2008 66.0303 24.1868 59.4643 116.619 52.8015 96.1769 44.0454 22.0227 9 116.825 114.232 12.53 101.237 96.6488 97.1288 10.8167 70.214 76.531 91.0055 91.6624 9.0554 99.0454 94.3716 76.5572 88.7694 90.0056 55.4707 11.0454 47.927 18.3848 14.4222 123.879 110.055 51.4296 5.3852 93.086 107.224 14.3178 57.4891 62.6259 83.006 80.2122 39.1152 24.7588 70.0071 78 23.7697 77.4919 64.6297 83.3847 81.8352 68.884 15.0333 90.0777 24.0416 80 57.6888 81.0247 82.0975 23.7697 83.5225 95.0368 82.2253 34.2345 22.6716 70.6045 24.5153 34.4093 96.6023 87.6926 63.2535 69.2604 71.7844 19.2094 85.2115 10.198 72.4017 77.6209 54.037 92.0706 77.5242 82.5409 77.1622 33.8378 105.991 116.726 30.5287 1 104.89 82.7647 97.0464 70.0071 94.0851 79.0253 62.434 90.5539 50.6952 104.043 72.8354 74.4312 97.1442 84.5281 104.995 80.05 75.2928 54.6717 119.038 44.2945 72.3395 83.006 70.7107 92.9624 68.2422 75.1532 99.3227 118.983 15.6525 98.2293 72.111 109.659 75.4255 42.0119 63.8201 104.924 100.08 103.755 82.5651 104.785 104.307 96.2549 66.6108 87.8237 70.859 115.836 84.8646 
24.6982 70.4344 56.4358 24.7588 3.1623 57.8014 43.0116 43.2782 67.2309 10 76.5376 0 72.0902 74.3236 25.4951 10.6301 45.8803 50.2494 91.4166 15.8114 68.5055 28.0179 56.8595 2.2361 29.0689 61.0328 86.8217 100.688 17.4642 50.01 49.0102 77.0584 68.1542 79.2023 73.4098 14.8661 27.2947 92.2009 59.9083 56.5862 51.614 30.0666 48.7032 58.2409 29.7321 85.703 53.3104 24.7386 55.9464 39.3954 68.7095 30.1496 33.2415 105.683 16.9706 84.5044 117.034 90.802 34.7131 80.1311 52.0865 37.3363 24.6982 33.3766 82.28 23.7065 33.6155 52.3546 50.6952 63.3877 46.3249 59.0593 34.2053 69.6348 81.2712 55.2268 75.0267 83.9345 62.1691 20.1246 51.614 87.3212 44.4072 29.4109 100.499 77.7946 84.0952 45.1221 68.4105 6.7082 61.9839 44.4185 37.108 86.764 48.5077 76.6551 71.0634 74.9667 73.8241 44.911 80.7775 48.5489 71.1126 81.8352 82.2253 30.4631 39.3954 10.198 46.1736 86.122 38.1182 78.5493 100.185 97.3088 63.9766 87.983 7.2801 42.4382 90.377 56.0357 100.18 79.6116 19.6469 81.8352 77.4209 93.3006 62.3699 57.7062 57.4891 63.0714 98.7927 91.4166 53.6004 47.8539 54.1295 75.0733 18.2483 79.7057 60.0083 71.4493 87.367 80.2122 6.3246 57.5587 41.1096 56.3649 29.7321 14.8661 43.1741 86.4696 61.3514 68.4471 83.7257 77.026 42.0476 8.2462 20.8806 75.5844 49.0918 37 37.5766 35.4683 49.0306 48.5077 85.4927 39.6232 63.2851 49.2037 43.0116 94.3716 40.3113 32.3883 60.0333 46.0435 81.8596 11.6619 65.8635 45.6946 33.8378 5.099 97.3088 62.0081 86.3771 23.8537 33.3766 106.888 30.0832 68.1836 15 30.1496 52.6308 59.808 93.9415 70.3278 58.258 21.095 13.1529 32.0156 84.6936 39.3954 25.2982 
57.3847 73.8241 77.8332 95.7706 75.2396 97.2934 68.4471 65.8635 99.4032 75 8.0623 72.0902 0 2.2361 71.1126 82.2922 27.2029 69.3542 76.1183 72.3671 107.703 87.9659 91.7061 72.2357 45.8039 89.8109 76.3217 87.6641 59.0762 78.5875 34.4819 126.479 12 7.2111 59.0085 83.006 44.9444 84.3801 85.6154 75.0267 79.6053 87.046 52.811 98.6154 88.459 15.0333 52.811 92.8924 91.6788 54.0833 4.4721 86.3134 53.9073 91.444 79.8311 83.006 107.49 69.857 65.6049 10.7703 34.9285 37.6431 53.6004 47.3814 59.0339 91.8096 59.0339 20.3961 51.6236 109.293 45.1774 96.7729 38.5876 14.1421 17.0294 109.986 106.405 12.1655 93.5201 92.1954 96.8762 17.2047 62.6498 75.0067 83.4326 83.6002 12.2066 92.0054 86.4002 72.7324 90.1388 89.4539 48.4149 15 40.2492 12.0416 19.4165 116.297 102.181 43.909 13.3417 92.7793 99.368 22.0907 50 55.9017 82.2982 74.9466 32.0156 20.5913 69.5845 70.0071 28.6007 70.2282 56.5685 75.5381 76.9415 61.4003 18.3576 82.3468 28.3019 72.0069 52.7731 73.0616 74.0608 23.0217 85.235 95.5667 83.4865 26.1725 29.2062 63.2456 23.1948 27.5862 89.0674 79.6304 57.6888 61.4003 73.8241 24.4131 77.3175 18.0278 67.5352 79.1202 53.9351 92.6499 76.0066 79.3095 77.1038 28.2843 98.4124 109.179 24.7588 9.0554 98.3107 78.7718 92.8493 62.0322 93.771 78.2304 55.2178 89.0225 42.9535 97.0052 65.1153 67.1193 89.3197 76.9415 98.3514 72.5328 67.9559 48.0833 112.004 36.8917 64.4981 79.404 62.6498 85.703 61.2209 71.1688 91.444 111.83 15.0333 92.9624 71.1126 101.833 74 34.0588 58.6686 101.193 99.7246 96.1769 74.9533 105.948 104.235 92.358 61.4003 86.093 63.1506 111.485 78.5684 
59.5483 75.1332 79.3788 98.0051 77.4726 99.0404 70.214 67.7422 101.134 77.201 7.0711 74.3236 2.2361 0 73.171 84.5281 29.4109 71.1126 76.7919 74.5252 109.385 90.1388 93.5361 74.4648 48.0104 91.3947 77.1622 88.2836 61.2944 80.2808 36.3593 128.413 13.1529 5 60.0083 85.235 47.1699 85.2115 87.3212 76.6942 81.4125 89.1964 54.4059 100.499 90.5539 13.1529 54.4243 95.0789 93.3916 56.0357 6.4031 88.459 55.9732 91.9837 82 84.0536 108.06 70.406 67.624 9.2195 36.6742 39.8246 55.7315 49.4975 59.6825 94.0319 61.0737 22.561 53.3104 111.221 47.0106 98.4886 40.8167 15 16.0312 112.045 108.079 10.0499 95.2733 94.4299 98.732 15.2643 64.4981 77.026 83.9524 84.8528 10 94.0213 87.9318 74.9466 91.7061 91.351 50.448 12.8062 42.0595 11.6619 19.8494 118.119 103.817 45.793 12.0416 94.6414 101.02 21.3776 50.448 58 84.214 77.1751 34.0588 19.4165 71.4493 71.007 26.4008 70.5195 57.8705 76.3217 79.177 63.2851 16.1245 84.0952 26.0768 73.0068 55.0091 74.0068 75.1665 21.095 86.7295 97.2934 85.0706 27.4591 27.2029 63.6003 25.0799 29.6985 90.9175 80.895 59.9083 62.2013 75.2396 24.8395 78.1601 17.2627 69.7711 80.6536 55.7315 94.3663 78.0256 81.4923 78.9177 27.6586 100.24 111.018 24.2074 8.0623 100.419 80.9938 95.0789 63 95.6347 80.1561 57.2014 91.0494 44.7214 99.0202 65.7647 69.0652 91 78.7718 100.449 73.0068 69.8928 50.2096 114.018 38.833 65.2763 81.6088 63.9531 87.6584 63.2535 73.3894 92.2659 113.811 13 95.1893 73.0616 102.591 76.0066 35 60.9016 103.407 101.597 98.0051 75.505 107.564 106.066 94.578 63.6318 88.1419 63.7887 113.719 80.7217 
44.0454 91.4385 31.0644 43.9659 26.0768 34.6554 18.4391 65.215 92.358 17.0294 72.9932 25.4951 71.1126 73.171 0 32.1403 50.448 72.4224 109.986 10 45.9674 53.1507 81.9329 23.3452 41.0488 35.8469 106.151 120.283 36.4005 24.5153 59.9333 102.02 71.4493 77.4145 90.6035 39 31.3847 112.432 84.0773 79.3221 75.591 55.4437 29.6985 83.678 17.72 86.0523 70.9366 26.8701 31.6228 57.9828 69 55.5788 51.6236 125.256 14.7648 105.551 137.975 108.005 57.1402 76.2955 63.5059 46.5188 18.4391 48.4149 98.1835 46.3897 54.037 51 68.1175 88.8144 61.6117 35.4683 41.2311 73.6817 75 80 100.245 83.2166 87.0919 36.4005 30.2324 82.9759 65.437 5 119.206 99.8098 81.7435 70.6116 91.9239 19.105 36.7696 22.2036 53.2635 84.0119 61.9112 79.1581 63.2456 100.449 98.7927 59.6406 75.9276 26.4008 96.0052 73.736 95.7131 49.5782 15.5563 35.6931 55.1543 89.202 13.1529 97.6729 96.3172 113.442 81.6884 106.963 32.1403 63.2535 87.9659 80.0625 96.8814 99.0353 31.241 101.178 97.591 94.0479 36.8782 34.0588 32.0156 71.4703 93.0054 106.85 48.5077 54.4059 79.1202 96.6747 36.2353 96.6075 35.2278 61.8466 106.832 73.3757 29.1548 32.1403 22.8035 32.2025 5.8309 16.1555 17.72 92.3959 86.6833 93.9415 89.1067 73.1642 67.0671 23.1948 34.4384 93.2363 27.2029 12.2066 56.5862 18.1108 63.5138 73.9797 102.416 62.1289 87.6641 72.9452 68.1175 111.606 62.9682 47.634 85.0529 57.7062 99.2018 19.6469 84.8999 70.8378 55 20.3961 118.191 87.2067 86.1452 45.7056 8 128.316 5 78.924 32.0156 37.5366 32.249 85.0706 111.826 46.8615 37.7359 31.3847 32.45 15 101.257 51.4004 50.6952 
31.0644 73.0616 63.0079 14.1421 7.8102 60.7454 50.4876 46.0652 64.6607 15.1327 86.954 10.6301 82.2922 84.5281 32.1403 0 55.7136 52.4786 95.3415 22.2036 70.6824 22.1359 54.6443 11.4018 38.0789 65.9242 90.3383 103.832 25.1794 56.0357 57.3149 70.1783 77.7946 89.4427 78.4474 7.6158 37.7359 95.0158 59.4138 58.0086 51.6624 25.0799 58.1808 54.5619 30.4138 95.6347 58.6941 20.6155 59.9083 44.911 78.7909 25.4951 39.3192 108.784 19.4165 86.8217 119.038 95.5196 37.5766 90.5539 60.1332 46.5725 35 41.0488 87.8009 14.3178 38.3275 62.7694 56.2939 57.9741 53.1507 62.2977 44.0114 79.1202 91.8368 48.0937 72.0694 94.0213 60.2163 10.198 53.7122 97.7548 47.927 35.0143 104.216 79.404 94.3663 41.1461 68.6222 13.9284 66.9104 47.4342 44.0454 97.0618 56 86.3308 81.6884 69.9214 71.5612 52.0384 91.2688 51.264 69.0652 92.4554 88.8144 36.3456 43.7379 10.4403 55.109 95.6033 45.2769 82.3468 110.535 102.489 68.9638 91.7061 6 46.2385 100.623 55.8659 110.476 83.1925 29.5466 85.4283 80.5295 103.121 68.1836 61.0328 63.1981 71.7008 109.293 97.0155 64.2028 57.28 52.2015 77.1038 26.3059 84.7703 67.3647 82.0731 90.7855 90.802 14.8661 64 50.5668 60.1664 35.0571 17.2627 49.0408 95.352 58.1808 63.9062 92.7631 87.4643 35.5106 9 12.0416 80.3243 51.6236 42.19 42.9535 37.1618 56.0803 43.6578 90.4434 42.0595 62.3699 49.679 36.6742 99.0202 42.5441 40.05 53.3385 54.231 86.6487 13.1529 70.0071 43.6005 37.9473 13.8924 99.5691 55.7315 96.3846 13.9284 40.1123 108.6 36 76.0263 24.0416 22.3607 54.1202 56.9386 98.2344 73.1642 59.5399 13.9284 21.587 34.176 89.8443 29.4109 23.3452 
30.4138 58.0517 66.7083 68.8767 49.0408 81.8413 54.0833 42.45 77.1298 50.2494 33.2415 45.8803 27.2029 29.4109 50.448 55.7136 0 47.5184 68.6003 49.0408 93.0591 60.8769 68.3081 46.3249 18.6011 77.4209 66.6408 80.1311 31.9061 64.8999 14.8661 101.533 22.3607 34.4093 48.7647 55.9464 20 74.3236 63.9531 54.231 56.7539 60.1082 43.2782 74.4648 66.3702 39.9249 34.3657 68.3593 77.026 30.0832 23.3238 59.4138 28.178 84.7231 56.0089 70.214 99.7296 64.405 40.2492 36.7696 17.8885 10.6301 32.0156 21.095 53.4135 64.6607 33.541 12.1655 32.1403 84.5281 24.0208 81.8841 11.7047 24.0832 40.2244 83.8153 84.7231 38.4708 71.0634 65.7875 79.4796 43.8634 39.8121 55.0818 77.3886 68.0661 39.4081 66.3702 67.0298 47.5184 78.0064 71.5122 23.4094 42.2019 20.3961 30.8058 33.8378 92.6984 81.0494 22 38.2884 75.3923 78.0897 42.9418 48.1664 29.6816 64.2573 47.8853 9.2195 40.4475 53.2353 58.6941 55.8032 67.9412 42.3792 66.6483 50.1597 38.0789 45.4863 60.208 55.4707 60.5392 26.2488 62.2415 61.0328 47.4342 74.5185 80.5295 71.4003 21.4709 55.8659 60.8276 19.0263 5 65.4599 64.1327 30.5287 53.535 65.0692 36.8782 67.5426 39.9625 40.8534 68.1175 40.4599 77.8974 56.0446 55.0818 61.2944 42.19 74.9466 85.44 39.0512 33.9706 71.7008 53.1507 66.7608 51.8845 76.3217 60.1664 30.6757 68.4471 23.3452 71.3442 58.8218 42.72 67.897 53.8516 71.8401 67.8012 43.6578 21.6333 86.2844 15.1327 56.6039 54.4518 47.8017 60.8358 35.7771 45.7056 81.1542 86.4523 40.7185 65.8635 52.9245 91.9239 54.4059 30 31.7805 75.71 81.9329 72.7324 69.0652 92.4392 87.0919 66.7083 34.4384 65.1153 57.2014 85.0941 51.6236 
28.6531 20.5913 100.18 57.5674 51.8556 106.827 85.8662 7.2111 30.0832 60.1082 77.0779 50.2494 69.3542 71.1126 72.4224 52.4786 47.5184 0 43.6807 64.5368 117.924 38.4708 22.8035 52.345 36.8782 107.703 38.2753 51.4296 36.0555 95.3834 35.1141 58.7282 58.6686 75.591 30.2655 46.5188 48.7647 42.5441 16.4924 7.2801 10.6301 35.2278 82.7103 30.4138 79.9812 76.0263 17.6918 72.9452 104.043 18.0278 64.8845 34.2345 22.8035 56.356 67.2086 34.4093 66.8431 45.2769 15.5563 80.1124 34.4384 39 60.0083 29.2746 40.3113 49.7293 18.7883 59.6825 18.0278 41.7253 24.3516 107.801 43.1856 57.9828 85.44 46.9574 37.3631 76.8505 24.1661 60.4152 101.316 86.3134 8.0623 77.201 52.2015 27.5862 80.1311 28.7924 20.6155 56.5685 108.559 93.723 25.02 82.8553 29.1548 65.4599 81.0247 47.1699 33.541 25.9615 82.4621 97.949 30.5941 89.1852 45.5412 23.7697 87.8009 42.4382 39.0512 70.8378 82.365 30.8058 95.4149 53.0848 22.1359 39.8497 47.4342 10.198 84.9058 13 94.3027 31.3209 42.9535 33.5261 28.2312 80.9197 107.355 106.4 102.956 45.2217 98.0051 49.0918 66.2722 44.1475 20.5183 24.8395 36.3593 36.0555 101.39 84.3445 38.6264 85.703 44.5533 101.518 76.844 104.623 77.801 65.1153 89.3588 65.192 29.4109 40.2244 64.3506 78 39.8121 57.6281 63.5059 31.0161 98.5951 84.6286 18.2483 85.5628 26.4008 33.1059 41.0122 10.6301 20.3961 8.6023 39.0512 48.5077 10 29.4279 46.8722 33.2415 37.0135 61.7171 20.025 20.6155 17.4929 54.4518 47.2017 45.607 77.666 51.923 79.0759 56.6392 77.4209 42.45 40.4969 73.8241 102.591 27.2029 47.0744 119.202 108.245 66.242 40 82.0366 41.0122 75.1864 30.6757 
67.1193 24.0832 133.417 101.242 93.5361 144.499 119.67 49.3964 55.3624 100.703 83.863 91.4166 76.1183 76.7919 109.986 95.3415 68.6003 43.6807 0 103.812 155.878 82 56.3205 93.2952 69.3109 142.899 6.0828 11.7047 74.8866 130.177 54.0833 87.6641 64.3273 79.3095 20 89.8888 80.6598 10.2956 46.1736 40.3113 49.163 78.6448 111.503 63.7887 120.652 74.027 39.0512 115.382 140.759 52.4309 72.5672 77.666 58.8218 16.1245 107.912 16.1245 31.6228 7.6158 57.7754 85.4751 50.774 66.0681 94.0479 61.6198 17.1172 93.4077 57.8014 78.2943 41.8688 73.9797 48.7955 145.097 71.7008 61.9839 92.7793 84.4808 57.2713 77.0065 52.9528 103.817 140.089 89.0505 47.4236 114.978 9.2195 24.3516 82.0549 69.029 37.855 97.0979 143.628 132.136 56.7274 84.006 49.8197 66.1891 94.1116 72.6154 52.3927 50.9313 88.5664 136.36 51.264 98.1529 27.0185 61.2944 125.495 85 59.9083 65.192 117.388 13 92.5419 14.2127 28.3196 4 89.8999 49.1935 84.0536 47 90.6697 12.3693 78.7464 10.198 16.0312 74.6726 141.113 143.684 137.361 51.5461 98.1275 16.5529 85.9069 63.6318 56.0803 23.3452 74.6324 15.2315 132.801 98.7623 6.3246 94.0479 85.235 134.826 107.615 141.485 115.745 106 125.16 55.4437 60.208 68.3081 57.1402 84.8528 81.0987 99.363 106.775 17.0294 137.131 121.828 54.0833 125.431 47.5079 72.0278 11.0454 53.4883 46.6905 49.4975 80.0562 7.8102 53.1413 62.3699 82.201 55 12.083 103.078 25.5539 61.131 57.7062 94.8736 16.4924 79.6241 76.0263 95.6033 115.313 26 114.865 42.45 78.8162 117.175 141.82 58.8558 4.4721 156.349 147.435 109.252 79.3221 121.828 13.0384 118.849 74.3303 
36.8782 84.1487 41.0488 34.5398 16.1245 42.4382 28.2843 57.3847 83.006 7.0711 75.2861 15.8114 72.3671 74.5252 10 22.2036 49.0408 64.5368 103.812 0 53.4135 43.1856 72.6154 13.6015 36.4005 45.2217 99.6393 113.701 29.0689 34.3657 56.3205 92.0217 71.0282 79.0759 84.9058 29 29.0689 105.551 75.2928 71.218 66.888 45.5412 37.4433 74.0405 17.72 86.977 64.8999 21.0238 40.2492 51.4004 69.7209 45.7056 45 118.697 7.6158 98.2904 130.832 102.396 49.0408 78.7464 59.7746 43.1741 18.9737 42.9418 93.0591 36.4966 46.6905 51.9711 62.1289 78.9177 56.356 43.566 38.4708 73 78.3901 70 90.824 84.5281 77.8781 27.2947 36.7967 85.703 57.9828 13.6015 113.004 92.0978 83.678 60.8769 83.4865 9.2195 46.1736 29.2062 47.5079 86.1278 57.3847 79.1581 67.082 90.6091 89.5545 54.5619 78.7718 33.4215 86.8159 77.8267 91.5478 42.638 23.7065 25.9615 52.1728 89.0898 23.0868 91.214 98.9798 108.301 75.7166 100.603 22.2036 55.8659 89.9889 71.3442 99.3277 92.4554 26 94.6414 90.6863 94.8947 46.6905 42.19 41.7732 69.0507 96.3846 101.966 50.9215 52.345 69.857 89.1403 29.2062 91.0659 45.1774 66.3702 100.265 76.9675 20.2485 42.107 30 40.7063 13.9284 7.8102 27.4591 91.1976 77.1622 84.1724 88.0909 75.5844 57.0789 13.3417 25.807 87.367 34.0588 21.1896 49.8197 21.6333 58.6003 64.1327 96.8969 54.037 78.7718 64.3506 58.1378 106 54.8179 42.0595 75.06 53.7587 93.4933 10.2956 78.4092 61.4654 47.3814 10.7703 111.036 77.2334 87.2983 35.9026 18 120.934 14.3178 75.6902 25 30.8058 38.2099 75.6108 105.948 54.9181 43.8634 23.3452 24.7588 18.0278 95.8801 43.8406 41.1096 
89.8721 137.295 31.0161 76.6551 67.7422 11.4018 39.5601 110.752 135.118 58.5235 106.888 68.5055 107.703 109.385 45.9674 70.6824 93.0591 117.924 155.878 53.4135 0 92.7038 124.908 66.2873 86.6833 19.0263 152.109 166.244 82.134 29.1204 104.561 138.495 111.427 112.588 136.36 78.2943 76.0263 158.392 128.413 124.631 120.104 95.7549 55.109 125.24 40.3113 122.483 116.846 52.8867 16.1555 103.947 106.902 96.1769 97.5807 171.213 51.9711 151.427 183.897 153.675 102.45 109.49 108.167 91.2634 62.426 94.2603 143.6 82.5409 99.8248 89.8888 114.022 128.16 107.299 11.1803 85.703 114.018 105.575 116.76 142.667 118.878 130.361 68.9638 17 114.856 111.198 41.0122 165.097 145.454 115.918 111.826 136.825 61.8547 19.105 24.2074 99.1564 117.546 107.201 117.953 93.771 140.218 141.905 105.262 108.046 20 139.291 102.176 140.357 95.483 30.4138 78.032 99.3227 127.781 39.8246 143.628 127.475 158.808 127.562 152.899 73.4302 109.041 121.495 124.535 128.658 145 77.1557 147.139 143.544 130.269 25.318 12.53 25.02 114.529 122.102 152.053 84.7703 97.6166 122.299 142.425 82.0731 142.274 37.1214 90.3549 152.794 103.484 73.6003 30 54.0833 15.2315 40.3113 54.2033 31.7648 132.966 128.798 134.462 129.449 106.705 105.342 62.6498 65.521 139.054 19.4165 34.0588 102.533 33.541 109.018 114.237 148.054 107.448 131.765 117.644 106.626 157.267 108.231 93.5094 122.413 102.65 144.941 58.1808 130.863 113.741 100.658 63.8201 164.104 125.228 122.025 80.9568 40.8044 174.155 41.0366 122.801 77.8332 60.531 16.7631 127.475 157.613 5 12.0416 61.4003 77.9872 36.7151 146.82 73.0274 93.1504 
30.6105 58.2409 84.214 20.2485 27.074 82.8734 71 34 43.4166 36.3456 94.0691 28.0179 87.9659 90.1388 53.1507 22.1359 60.8769 38.4708 82 43.1856 92.7038 0 33.9411 30 42.4264 87.8635 76.4003 88.8651 30 77.5242 56.8243 49.0408 80.7094 95.1315 68.0294 14.5602 48.0208 79.712 40.4969 42.0595 34.0147 3.6056 75.9276 32.7567 52.3927 99.2975 50.4876 41.0488 82.0061 38.8973 83.8689 4.4721 35.7771 93.6376 41.4849 70.9366 102 83.7257 27.4591 97.6217 58.6003 50.3289 50.9608 41.0488 78.0064 12.2066 31.9531 70.8378 48.8365 35.9026 49.0408 84.4334 50.2494 81.3019 100.499 27.2947 50.4777 98.6002 39.598 25.4951 75.7694 104.738 37.054 56.5685 90.2497 62.6498 100.125 19.4165 50.2494 34.0588 88.8426 69.5701 41.5933 102.942 53.3104 89.0449 92.0054 47.8017 50.448 48.8467 98.9949 73.3894 48.1664 102.303 81.4985 33.121 65.7343 18.2483 56.8595 97.1288 66.0303 69.2315 116.516 91.444 59.0085 78.1025 21.0238 36.2215 106.042 37.5899 116.039 69.6348 38.5876 71.8053 66.2193 106 89.8053 83.1685 84.8528 71.1126 116.726 87.0517 74.4043 60.6053 31.8904 61.0983 31.4006 74.108 88 93.4773 76.6551 99.905 26.9258 85.2877 68.4471 82.28 56.7186 39.2938 70.5762 94.541 36.6197 41.7852 92.6121 94.7629 14.0357 30.8058 29.0689 69.1809 73.736 63.9531 37 59.2368 52.2015 21.5407 79.3095 30.0167 42.8019 32.8938 15 86.977 30 40.2244 32.0156 53.7122 75.326 35.171 58.2151 23.6008 30.3645 33 83.2586 34.0588 100.439 14.4222 61.131 91.3017 57.4282 72.7324 32.249 38.2884 76.0592 35.609 85.5102 95.2733 81.3941 32.8024 29.5296 56.3028 79.1581 37 9.8489 
43 32.9848 112.089 53.9073 57.2451 114.49 97.9847 26 10.4403 66.6408 99.2824 56.8595 91.7061 93.5361 81.9329 54.6443 68.3081 22.8035 56.3205 72.6154 124.908 33.9411 0 59.0931 54.3323 117.745 50.2494 60.208 48.3735 106.254 57.2451 36.0694 81.3019 98.1122 49.1935 47.2017 65.0077 51.0882 10.198 19.4165 12.2066 30.4138 98.2497 8.0623 84.9058 98.813 40.4599 74.6525 112.805 38.2753 87.2353 29.7321 40.7922 64.4981 72.9452 42.0476 70.2282 60.4152 29.1548 102.421 56.9386 58.6941 73.6817 48.0521 58.6941 46.0109 35.5106 80.3617 40.8044 19.4165 46.5296 115.832 61.8142 80.7094 107.424 28.1603 18.4391 99.5691 5.6569 59.4138 107.912 108.784 29.0689 86.1626 63 33.0606 102.728 15.2643 19.105 63.561 118.68 101.074 44.9222 105.475 51.4782 88.2326 102.142 24.5967 17 47.8539 104.652 105.119 14.4222 110.86 65.8635 40.3113 96.2549 46.9574 60.5392 93.6056 93.6803 45.3542 118.152 68.6586 43.0116 52.345 51.4782 30.4631 107.615 10.8167 117.068 44.911 57.1402 46.6905 40.6079 103.711 118.596 114.495 113.842 68.0074 120.569 66.4078 86.3481 65.5515 3 33.0606 49.2544 53.8516 114.543 105.081 50.1597 107.541 52.811 113.323 91.5478 113.217 86.539 70.7107 99.6243 87.6926 6.7082 17.4929 87 100.18 26.9258 62.2656 62.9682 48.8467 105.589 93.7763 37.6431 91.4166 48.8774 16.4924 57.5674 25.7099 10.198 14.7648 25.632 62.9682 24.7386 47.8539 26.2488 55.0364 53.7587 66.7308 38.9487 11.1803 33.3766 61.8466 52.9528 24.1661 100.439 48.1664 89.493 59.4643 86.7295 65.0692 52.6118 72.1803 108.559 4.4721 60.531 127.016 114.057 66.6033 50.9902 88.193 58.1893 69.1158 31.7648 
26.4008 72.4707 54.3323 25.4951 3.6056 55.5698 41 45.3431 69.4622 7.8102 76.4788 2.2361 72.2357 74.4648 23.3452 11.4018 46.3249 52.345 93.2952 13.6015 66.2873 30 59.0931 0 30 58.8218 88.7525 102.65 18.9737 47.8539 50.0899 79.0253 68.6586 79.3095 75.1532 16.4924 27.313 94.2019 62.1289 58.7282 53.8238 32.1403 47.1699 60.4401 27.6586 86.0233 55.0364 23.3452 53.7122 41.1461 68.9493 32.249 34.9285 107.648 14.8661 86.5563 119.097 92.5743 36.7967 80.0625 53.2353 38.1182 23.6008 34.7131 83.9345 25.0799 35.5106 52.3259 52.3927 65.4905 47.8017 56.8243 34.7131 70.214 80.9938 57.1402 77.2528 84.1546 64.405 20.2485 49.4065 87.2353 46.4004 27.2029 102.396 79.9062 84.1724 47.2969 70.6045 4.4721 59.7746 42.19 38.6005 86.8159 49.8197 77.1298 70.6045 77.1038 76.0592 46.3249 80.6226 46.3249 73.3485 81.4002 83.678 32.2025 37.1618 12.3693 47.0425 86.6833 36.0555 80.455 100.18 99.0051 65.7419 89.8888 9.0554 44.4072 90.471 58.2495 100.225 81.5414 20.2237 83.7616 79.404 93.6803 60.208 55.4707 55.3173 64.0078 98.6154 93.0484 53.2541 48.5077 56.3649 77.1557 19.6469 81.4371 58 70.8378 89.3085 79.8812 8.0623 55.4437 39.5601 54.1295 27.5136 12.8062 41 87.2812 63.5689 70.6116 84.4808 76.9415 44.0114 7 20.6155 77.3692 46.8722 34.7851 39.3573 33.3017 50.448 50.636 87.2353 41.7253 65.5134 51.4004 45 96.1509 42.4264 33.7343 62.0081 47.1699 83.6301 9.8489 67.7422 47.927 35.805 3 99.3579 64.0312 86.6487 25.0599 31.257 108.977 27.8927 69.3542 16.1245 29.4279 50.448 62.0322 95.7706 68.0955 56.0803 20.3961 14.5602 29.8329 86.406 39.3573 27.5136 
12.53 52.8394 64.8999 50.6952 32.1403 75.2861 50.8035 30.2655 64.0703 35.5106 51.6624 29.0689 45.8039 48.0104 41.0488 38.0789 18.6011 36.8782 69.3109 36.4005 86.6833 42.4264 54.3323 30 0 73.7564 65.8559 79.9812 13.4164 61.0737 20.2237 85.235 39.9249 53.0094 49.679 37.5766 12.083 72.6223 52.1536 44.1475 44.0114 41.8688 45.8803 59.439 54.0833 58.1378 30.4795 53.1507 71.4493 19.3132 41.8808 41.2311 14.1421 84.8999 42.2019 66.5733 98.4073 67.0075 25.1794 55.2268 23.5372 8.544 24.8395 8.0623 57.1402 46.1411 19 28.6007 27.6586 68.6222 20.6155 75.8222 8.0623 41.1096 58.1378 66.3702 72.0278 56.9386 58.0345 48.2701 71.2811 62.3699 28.8617 46.0435 78.5175 62.1691 58.0086 49.7695 57.4891 32.249 74.5185 63.2456 13.0384 60.803 21.0238 48.4665 50.2494 77.8781 69.029 18.6011 56.5685 67.424 66.0303 60.2163 55.1543 14.0357 56.4004 29.5466 17.1172 57.5674 48.1664 57.3847 74.4043 72.4017 41.0122 66.4831 32.28 26.6833 64.0703 48.0937 74.0608 58.8982 10.4403 60.959 58.0086 65.3911 72.4224 74.411 68.4105 34.0147 74.3303 65.8635 33.1059 19.3132 51.3517 58.5918 12.083 55.6058 65.2993 52.3259 66.6033 57.6281 23.3452 66.2873 40.3113 72.1803 46.8722 40.7922 55.8659 57.4282 60.6712 70.6116 54.7449 52.345 53.8238 37 49.6488 52.4023 68.2422 52.6308 18.6815 57.6975 22.4722 54.626 61.4003 29 56.1427 41.0122 54.0833 70.6045 30 7.6158 69.3181 17.4642 58.258 39.2046 44.8219 45.3542 21.0238 30.1496 78.8162 69.857 59.0593 47.4131 46.0109 89.3085 45.8039 39.6232 14.1421 59.2115 73.2462 58.5491 70.9366 87.046 78.7718 50.1597 16.4924 54.1295 60.2163 67.4463 33.4215 
