NAME : R1_2_1
COMMENT : Converted to TSPLIB by Accorsi & Cavaliere.
TYPE : VRPSPD
DIMENSION : 201
EDGE_WEIGHT_TYPE : EXPLICIT
EDGE_WEIGHT_FORMAT : FULL_MATRIX
CAPACITY : 200
0 37.6563 79.2591 69.3109 31.8277 66.4831 89.3756 34 74.2765 15.8114 52.4309 74.8131 59.6657 52.8394 36.7151 44.6878 88.3912 76.922 37.5766 58.8218 67.4166 68.469 58.3095 62.1289 12.6491 58.258 69.0652 76.5572 59.4643 50.01 62.2896 46.5725 39.3954 63.2535 59.4138 32.311 55.1725 33.1361 46.5188 26.4197 71.4703 35.7351 70.2922 61.0983 55.4437 17.2047 28.6356 64.2884 57.8014 81.0247 75.3923 69.029 27.7308 59.0762 42.0476 36.3593 33.121 43.1393 71.1758 26.1725 26.1725 70.8025 58.9406 42.0119 63.9766 54.5894 77.8203 32.8024 57.3847 34.1321 46.6905 85.9127 40.3113 24 40.3113 44.7772 72.4017 72.6705 76.4788 49.7393 52.8015 15.8114 62.0967 29.0689 48.3735 62.0322 91.9674 13.4536 46.0109 42.7551 41.1825 34.5398 59.3633 70.1783 66.0076 71.4213 52 15.6205 73.0821 45.0111 63.8122 22.8035 86.2148 35.1141 61.0574 13 42.2019 37.108 17.8885 59.439 36.0555 34.4819 41.7732 47.8017 47.5079 94.7523 58 73.2462 46.3249 1 50.9902 43.6578 73.5527 68.4471 36.6742 42.0595 69.029 76.9415 68.2642 56.3028 73.1095 82.0975 10.6301 71.6938 33.7343 60.208 74.4043 50.9902 35.3412 73.8241 11.1803 48.3322 70.406 49.0918 79.511 35.1141 48.9183 48.0521 54.8179 9.2195 46.2277 49.2443 45.3982 74.4312 18.868 17.0294 65.192 30.2655 55.0364 64.1405 75.0733 58.7963 87.9659 75.5844 37.5766 39.8121 61.6117 64.8845 71.8679 49.4065 84.6463 87 53.1413 59.8164 34.2053 18.868 55.0364 82.0366 61.6117 82.134 69.9714 41.7253 49.7695 50.0899 49.6488 51.8941 75.6902 79.7559 42.8019 92.0217 79.177 70.9366 52.4786 69.3542 60.6383 76.4788 21.3776 24.6982 54.8179 64.0078 69.6419 
37.6563 0 62.0322 56.5155 66.1891 55.7315 112.898 42.5441 49.0408 50.1597 76.0592 57.3847 95.2575 74.0945 25.4951 77.6981 61.327 62.0725 23.1948 89.1852 82.807 31.0161 92.228 93.0054 41.3038 52 32.249 77.2334 65.2534 87.367 69.814 9.434 60.4152 95.2103 68.1175 33.9706 47.0106 70.1142 66.888 60.2993 62.8172 48.5489 47.676 98.3717 42.4264 47.5184 65.8027 99.5038 29.4109 73.6817 48.1041 33.2415 52.2015 42.19 79.0569 42.0476 64.0703 71.7844 104.346 44.2832 38.9487 64.195 72.1388 33.2415 65.7647 92.228 52.6308 37.1214 45.3982 5 81.0062 117.444 68.884 40.7185 73.1642 51.6236 54.037 102.786 41.7732 32.5576 57.0088 22.0907 97.4166 57.9741 70.3278 99.3277 76.1577 28.1603 54.4518 80.4114 63.9531 45.793 28.178 87.7097 103.175 97.9439 89.2749 49.0918 85.6329 53.7401 85.1469 25.4951 108.724 6.4031 82.3772 37.4833 79.8311 62.9682 53.0094 69.2892 73.171 37.4833 44.6878 10.8167 79.8311 67.082 49.0918 64.6297 61.2209 36.6742 21.4009 40.4969 48.0833 30.8058 9.8489 79.555 32.3883 108.931 74.6324 92.1954 57.2451 61.4003 32.2025 73.5527 4 82.201 96.7988 45.0999 57.6975 38.4187 42.107 85.3815 80.2808 12.6491 113.877 36.0694 25 71.5891 17.4642 28.4429 43.7379 85.7963 57.3847 103.276 21.2132 32.8024 30.4631 55.2268 32.6956 84.8764 64.3273 32.7567 58.3095 92.8493 74.6324 2.2361 92.6175 93.3809 35.5106 22.2036 54.3783 59.0339 28.178 84.119 70.0286 52.3259 20.1246 107.424 91.7061 114.403 67.0075 23.0868 55.9732 58.7282 80.8022 18.0278 109.293 45.9674 75.1665 116.284 106.794 108.157 39.2938 102.078 72.8354 75.0267 43.3244 21.2603 84.4334 80.5295 59.2284 
79.2591 62.0322 0 117.516 110.386 117.209 97.0052 101.637 19.2094 95.0158 73.736 116.726 111.508 68.9493 87.2812 123.422 23.7697 5 85.1469 93.7763 63.2851 67.5426 104.202 97.4987 71.4003 114.018 72.4983 139.23 126.436 113.23 45.5412 57.3149 64.1405 142.004 47.0744 47.4342 109.005 97.6729 64.8845 83.5464 17.0294 106.738 16.1555 132.276 104.077 73.6614 103.856 113.6 34.7131 135.237 101.833 77.0779 67.3573 20.8806 116.181 101.98 112.379 80.1311 111.427 60.1082 56.0803 126.036 55.3173 95.1893 127.566 120.739 107.564 96.8814 107.075 66.1891 124.619 164.502 119.419 59.5483 88.7525 111.987 8 102.883 44.6878 94.0851 118.229 68.352 112.294 74.6525 68.542 133.004 134.937 66.1891 46.1411 111.759 67.6018 104.293 38.6005 145.798 125.096 91.9837 114.202 77.9872 60.0083 46.6476 74.5252 56.7979 92.0054 57.3149 73.0068 68.2422 112.432 115.451 82.134 129.634 100.568 46.2277 41.7732 56.4358 91.7878 28.0713 111.005 126.194 55.4617 78.7718 79.7621 36.8782 20 61.7171 53.3385 113.864 73.4098 111.973 45.0111 131.894 117.239 118.6 82.0792 135.447 62.2896 137.786 83.4865 107.117 65.4599 47.2017 73.6003 121.696 53 66.7533 156.205 45 37.054 125.925 56.7539 73.4098 105.475 123.988 51 153.681 63.3246 86.6487 78.4347 107.935 92.6553 73.3485 125.483 30.4138 30.4631 72.0069 112.045 61 140.663 144.139 51.3128 40.0125 31.3847 25.632 87.6926 79.1202 93.723 98.1122 72.7805 96.5194 94.921 160.424 129.035 41 116.726 46.0977 128.798 47.676 153.222 41.7253 121.795 101.005 158.42 141.598 26.8328 147.635 53.9351 137.058 64.4438 79.6241 89.1572 138.885 14.5602 
69.3109 56.5155 117.516 0 76.2168 4 158.493 38.4708 102.005 68.6003 121.165 9.2195 124.531 120.88 34.9857 80.2309 111.647 118.089 35.7771 127.781 133.405 58.8218 125.363 130.874 80.7217 13.3417 54.4243 29.0689 31.0483 110.494 123.434 60.208 106.827 90.0056 121.235 86.764 14.4222 97.4166 114.018 95.1315 119.331 41.4367 102.122 110.114 14.7648 86.2786 84.0952 129.495 83.0963 18.2483 28.2843 49.7695 95.7758 98.4784 92.9731 35.3553 68.6804 112.45 138.398 91.022 87.6641 12.0416 123.491 27.8029 25.0799 111.427 24.4131 37.2022 12.2066 53.4509 85.5102 106.532 66.9104 87.6584 108.853 32.7567 109.554 141.496 84.9294 24.0416 28 63.5138 127.264 98.2904 116.516 111.086 22.6716 71.0282 106.944 100.319 109.343 40.3113 80 59.2368 125.925 140.73 112.73 84.8999 137.713 106.066 132.136 75.1798 155.129 62.3618 129.321 78.8733 98.6154 60.208 86.5563 38.3275 99.4786 90.3383 98.4124 61.131 116.039 116.25 11.6619 9.8489 111.221 68.593 38 95.6347 101.005 64.2884 66.2193 96.566 53.4883 144.845 128.81 98.4784 6.0828 18.1108 58.6941 28.4253 57.5674 62.9682 143.178 18.868 103.078 80.8084 79.9312 98.0816 133.36 51.0098 111.041 89.4707 81.0494 60.0083 62.0725 64.6607 24.1868 96.0469 108.559 89.4427 67.2309 52.4023 45.5412 56.921 25 132.28 8 87.2067 106.367 142.636 89.8888 57.0701 86.0233 81.4985 75.9276 77.6466 102.259 108.78 30 128.818 100.688 68 46.2709 151.321 130.599 105.802 18.4391 79.555 31.0644 111.414 78.3135 70.0643 105.076 90.0278 77.2787 161.245 89.7385 118.068 95.8019 97.0464 124.68 25 87.6185 47.4342 123.988 53.4509 115.732 
31.8277 66.1891 110.386 76.2168 0 72.45 97.8621 38.6394 106.104 16.4012 66.4831 84.2021 51.6236 69.1158 54.231 13.0384 120.216 107.703 56.4358 62.6498 86.0233 95.1893 55.2178 64.4127 39.3573 62.9682 94.6414 70.8378 53.4135 35.609 86.4928 75.591 59.3043 31.6228 83.3607 62.9682 62.3618 28.2312 65.0308 36.0139 101.079 34.7851 102.069 35.0143 66.0984 38.8973 11.7047 56.5685 89.3756 81.3019 92.1358 93.3916 49.0306 90.6035 16.7631 41.7732 8.4853 53.7587 67.4759 52.5547 55.0091 72.4707 80.3057 55.0818 60.2163 35.3412 92.6553 42.107 66.7083 61.7414 15 54.2033 15.2315 51.8941 44.9222 43.8634 103.812 74.4312 107.07 65.0308 50.6063 46.4004 54.4518 45.0999 65.0308 36.0139 97.5756 45.2769 72.1249 25 59.0339 36.1386 90.6035 49.98 50.1199 78.5493 37.8021 34.4819 93.0054 71.1688 77.9295 54.5619 96.1353 65.192 75.6637 42.19 23.0217 18.3848 31.5753 49.4975 28.6531 64.4981 70.6824 76.9415 50.6952 126.574 64.846 76.0263 68.884 32.5269 73.1642 73.9256 105.38 96.3846 67.424 20.5913 94.3716 74.8131 92.3959 26.2488 81.6088 92.8924 34 65.9469 62.6498 37.3631 85.8662 57.9741 55.4437 104.101 37.1214 22.2036 92.3472 75.6108 48.0104 65.5134 80.6598 26.8328 83.6301 39.8246 52.6308 21.0238 69.857 44.0114 50.3289 34.4819 88.8426 19.3132 72 78.7718 79.2023 90.5539 119.67 91.6624 13.8924 68.4251 30.4138 35.171 101.597 80.9197 116.276 118.802 72.1734 71.5891 33.8378 13.8924 79.8123 89.1572 65.307 50.3289 68.7968 73.5391 47.0106 75.4321 18.9737 82.3772 43.9318 110.68 11.7047 99.4032 49.3356 44.1022 83.8153 37.5366 82.3893 72.6223 47.5395 47.1275 60.7454 46.0652 99.7647 
66.4831 55.7315 117.209 4 72.45 0 155.795 34.9857 102.122 65.192 118.562 13.1529 121.078 118.406 33.1059 76.2955 112.147 117.614 34.176 124.74 131.229 60.1664 122.066 127.781 78.1025 9.4868 55.9464 26.6271 27.2029 106.888 121.672 60.0083 104.403 86.0058 119.407 85.0882 11.3137 94.0319 111.606 92.0978 118.457 37.6962 102.005 106.231 13.3417 83.5464 80.4984 126.052 83 18.0278 31.241 51.4296 93.2363 97.8673 89.1964 31.9061 64.846 109.604 135.093 88.7525 85.5862 9.8489 121.433 25.5539 21.4709 107.703 27.7849 34.0588 10.4403 52.3927 81.5843 102.591 62.9682 85.44 105.759 28.8617 109.225 138.409 85.8662 23.1948 24 61.4003 123.822 95.5249 114.018 107.201 25.807 68.7968 105.095 96.6644 106.827 36.6742 80.0999 55.5428 122.25 137.888 109.124 82.0244 135.695 104.202 129.63 73.3485 152.502 61.3922 126.823 76.4003 94.9368 56.2939 83.5464 34.4819 96.0417 88.6397 96.7729 61 112.929 116.902 8.4853 9 109.078 65.7951 38.2099 94.2444 101.124 65.4599 65.307 92.8493 55.0364 141.605 127.122 94.541 10.0499 22.0907 55.9017 25.4558 56.5155 59.0339 140.584 15.6205 100.603 81.7435 77.2334 94.255 131.488 51.0882 107.042 87.8465 80.5047 56.0089 62.3939 62.2013 20.8087 92.1792 106.55 85.5102 65.2993 49.4975 47.0106 53.1413 25.318 129.808 8.9443 87.023 107.079 140.346 86.1626 56.4358 82.0244 77.5242 76.922 77.2334 102.961 109.33 30.2655 126.151 97.4166 64.4981 46.8722 148.519 127.562 101.833 15.6205 78.6448 27.074 109.567 74.3303 70.0071 101.079 90.956 73.3485 158.493 85.8662 114.14 94.921 93.0484 122.674 22.8254 85.2115 45.2769 121.017 49.6488 114.935 
89.3756 112.898 97.0052 158.493 97.8621 155.795 0 122.801 109.895 94.6678 37.5366 163.355 54 38.833 124.483 106.042 120.104 92.0054 124.579 35.4401 34.3657 139.556 46.1736 34.5254 77.7946 147.628 142.667 164.21 146.492 69.4622 52.345 117.239 52.8015 118.377 51.788 79.6492 144.499 69.6419 46.0435 65.192 80 123.146 103.947 90.0056 144.257 72.2496 86.1626 51.1566 109.11 170.238 160 145.014 62.9682 92.9624 88.295 125.419 105.702 46.6154 39.6232 69.2026 74.0608 160.078 44.3847 130.832 151.99 76.1052 163.67 122.147 146.414 112.645 102.84 134.034 113.088 72.8011 53.2259 132.88 97.2522 27.074 130.25 137.295 140.911 96.4261 52.0384 60.3075 42.8019 90 181.069 88.6172 61.0983 77.666 49.679 122.642 113.842 147.828 67.4759 19.3132 68.2642 74.027 37.054 61.4654 27.7849 87.6584 5 106.85 30.5287 79.9312 79.8311 114.965 73.2393 144.627 69.5701 76.4788 71.3092 117.648 47.1699 125.004 147.323 162.607 52.3259 90.0278 133.222 77.8332 110.027 136.165 104.809 82.9759 143.126 33.5261 52 99.6092 161.929 169.918 99.905 159.223 109.554 135.074 16.1245 140.357 56.0803 130.361 78.5684 89.1067 44.0114 125.196 119.038 78.2624 101.592 124.615 123.438 94.0479 135.591 93.2148 56.8595 133.507 94.0213 106.405 143.031 111.893 141.227 28.178 164.438 106.042 125.483 25 87.3613 114.057 120.033 127.883 131.867 105.475 124.904 121.264 138.058 29.6985 64.0781 96.7471 132.925 9.0554 32.9848 129.035 158.808 96.2549 137.568 57.8705 113.053 114.634 120.037 130.05 106.902 4 139.589 94.3398 88.0568 119.507 44.911 164.757 71.5891 111.759 37.1618 143.781 83.0542 
34 42.5441 101.637 38.4708 38.6394 34.9857 122.801 0 91 30.2324 86.2844 45.8803 86.093 86.8332 20 45.1774 103.755 100.623 22.8035 90.5097 101.237 64.405 87.2009 93.3809 46.5188 25.807 62.434 42.72 26.3059 72.0902 94.5939 51.0392 73.3485 59.1354 91.9239 60.1332 24.1661 59.0762 80.4984 58.0517 98.1835 6.4031 88.8651 73.437 27.4591 51.1077 45.6946 91.0659 71.5891 47.5079 54.037 59.9416 61.7171 80.8084 55.3173 3.1623 32.0156 76.2168 100.21 59.1354 57.4891 37.4833 92.358 17.4642 30.0832 73.3757 54.1479 5.6569 28.1603 37.5899 50.04 79.6053 32.7567 56.3205 71.4213 11.1803 93.8616 104.005 83.2406 27.4591 18.9737 35.0143 88.8369 62.6817 82.365 74.4312 60.7454 40.6079 77.8781 62.0322 75.1798 3.6056 70.7107 45.1774 87.6641 104.35 74.3236 48.8262 106.626 76.9025 97.7548 48.0416 119.854 45.31 95.0158 45.8803 60.407 25.7099 49.679 28.1603 61.0574 63.2851 71.4493 52.4309 78.5175 109.59 26.8328 40.3609 79.712 33.541 39.4462 71.007 90.0777 67.3573 49.0408 58.5235 61.9112 106.827 100.439 63.0079 43.4626 54.4059 24.3516 37.9473 40.7185 40.3113 108.167 19.6977 69.3181 79.511 45.1774 60.8276 103.446 46.669 79.8123 63.1269 65.4599 31.0644 57.4891 32.7567 14.3178 59.3043 78.1601 63.8122 40 17.72 55.0091 20 34.7131 98.1122 42.8019 74.4648 100.846 109.567 51.923 44.4185 55.7136 54.2033 75.743 63.6946 96.8969 101.533 36.0555 93.4773 62.6259 29.5296 48.0104 115.109 93.3381 77.4726 36.0555 60.6383 16.2788 82.2253 45.3542 60.5392 74.3303 87.8009 42.19 125.252 66.4003 82.0975 75.8024 66.4078 93.9202 42.4853 54.7814 22.1359 87.046 38.0132 95.4254 
74.2765 49.0408 19.2094 102.005 106.104 102.122 109.895 91 0 89.9389 81.7435 100.319 116.108 77.4145 74.4648 118.929 14.2127 22.6716 72.0347 101 75.5381 49.0408 109.768 104.924 69.2026 99.985 54.0833 125.603 114.285 115.004 57.5587 42.4264 69.3758 137.441 58.2151 45.793 94.8947 98.27 72.0069 84.5991 32.2025 96.6644 6 132.061 89.3588 72.9452 101.415 118.903 19.6469 120.067 84.1724 58.8218 69.3542 18.6815 114.477 90.824 106.668 85.44 118.663 60.8276 55.5698 111.364 66.0681 82 114.543 121.939 90.0278 85.7963 92.3472 53.7587 120.917 160.112 113.004 59.1692 92.477 100.568 13.8924 111.759 25.4951 79.404 106.042 60.803 117.324 76.9675 75.9539 132.88 118.089 60.8276 52.6118 111.772 73.2462 94.0213 22.0227 136.059 128.445 102.078 116.297 76.844 73.7564 52.7731 85 51.6236 104.938 45.6946 83.0241 65.437 112.071 108.167 81.2712 118.271 101.356 46.0652 44.9222 41.3038 96.7678 20.6155 96.6282 111.113 62.6498 73.5935 64.0078 38.2753 1 43.0813 42.0476 113.004 55.0273 120.354 58.6941 129.727 101.124 101.435 74.6324 122.184 50.3289 129.375 95.1893 93.5575 69.5701 28.0179 71.218 120.42 66.7083 51.0392 153.522 44.2945 26.0768 117.992 40.05 66.8431 92.6499 122.147 57.7062 147.801 56.2228 78.032 60.6383 100.404 77.0065 84.006 110.005 16.5529 16.2788 85.1587 110.114 47.5395 135.591 138.004 32.249 27.313 15.0333 13.4164 72.0069 88.278 95.2943 92.8493 56.1427 108.116 102.591 156.4 114.983 32.6497 104.995 54.1479 123.556 32.249 149.907 22.8035 116.932 113.864 152.053 141.736 25.632 143.628 65.192 123.045 64.1405 68.942 96.1041 128.95 28.2312 
15.8114 50.1597 95.0158 68.6003 16.4012 65.192 94.6678 30.2324 89.9389 0 59.808 75.5844 55.9464 61.4003 41.3038 29 104.005 92.5905 43.1045 61.0737 77.4661 79.8123 57.0088 63.7024 25.4951 56.0357 79.6241 69.6348 51.8652 42.72 75.06 59.5063 49.4975 47.5079 72.0278 47.8539 54.2033 28.8444 56.0892 29.5296 86.7295 29 86.0523 48.8365 56.4624 27.0185 17.0294 60.9016 73 77.1038 80.4114 78.7718 38.1182 74.8866 29.4279 33.2866 17.4642 48.3011 70 39.4588 40.8044 67.3573 70.2567 43.9659 57.6281 45.2769 81.7435 31.7805 57.6975 45.8803 31.4006 70.1783 25 38.0789 42.0119 38.8973 88.2043 74.2765 90.7359 53.3667 46.7547 30 58.6686 36.4005 57.0088 49.8197 90.9725 29.2062 59.5399 33.3766 50.2195 29.0689 74.2024 57.1402 58.6941 75.7166 44.9222 23.1948 83.863 58.5491 71.5122 38.6005 92.1792 48.8774 68.9493 27.5136 32.1403 23 22.1359 50.0899 30.8869 49.7695 56.6127 60.8358 48.9183 110.345 56.9386 70.4344 58.0345 16.4012 59.0762 59.0931 89.1964 80.6536 51.0392 31 79.4292 76.6942 81.0555 42.0476 73.3553 83.7735 18.0278 64.6375 46.5188 46.0977 80.9568 49.7393 45.3982 87.818 23.3452 35.6931 82.1523 60.1664 64.405 50.5668 64.3506 34.0147 67.624 23.4307 44.4185 35.7351 58.0775 58.6686 33.9706 20 74.4312 17.72 59.8415 72.111 73.0068 74.2496 103.325 84.4808 25.1794 52.3927 45.8039 49.1935 85.4225 64.5368 99.905 102.533 59.2115 66.2118 32.5576 3.1623 64.9384 86.5332 63.8905 66.4831 65.0692 57.3149 43.2782 63.2851 33.8378 66.0379 60.3075 94.3027 27.0185 96.7988 63.5059 58.4637 68.2642 53.7401 72.1734 70.4344 34.3657 32.249 58.0086 51.6236 85.0882 
52.4309 76.0592 73.736 121.165 66.4831 118.562 37.5366 86.2844 81.7435 59.808 0 125.865 40.3113 5 86.977 77.0065 94.1488 69.0797 87.046 20.1246 20.8806 104.062 31.8904 23.7697 40.4599 110.603 106.775 128.413 110.91 48.3322 30.6105 81.1542 15.6525 92.5419 28.0179 43.9659 107.299 40.1123 10.0499 30.8058 57.6975 87.2353 75.8024 70.3847 106.832 35.2278 55.1453 41.2311 76.4199 133.454 122.642 108.747 25.4558 63.2851 61.5224 88.7525 73.3485 13.0384 37.6962 31.9061 37.1214 123.223 20.5183 93.4345 115.974 56.3649 126.21 85.2115 109.041 75.4718 75.1066 111.83 81.2158 35.5106 23.5372 96.7471 71.3092 30.0666 98.326 99.7647 104.809 58.8982 40.3609 23.7065 6.0828 70.7743 143.684 51.0882 29.1548 52.3927 12.2066 86.4523 80.7527 115.732 55.3173 22.1359 48.3011 37.5899 28.4605 29.0689 11.7047 50.6063 33.9706 70.214 9.2195 42.4264 54.1295 81.7435 37.6962 109.772 41.4367 41.2311 38.0526 81.7068 21.9545 99.925 110.114 125.603 19.105 53.0094 95.9635 45.0444 81.6149 101.242 68.542 56.8859 107.154 38.6394 34.6554 75.9276 124.483 132.382 62.8013 123.471 72.5603 103.576 22.0227 103.233 18.6011 97.7394 41.4005 64.5368 30.5287 88.5494 98.9798 43.1741 67.897 92.1954 87.9204 56.5862 98.6002 68.2495 24.0832 107.299 56.6127 69.4046 106.438 77.4919 103.711 12.3693 127.283 74.108 98.0051 25.1794 59.1354 77.3692 93.1933 100.005 98.4784 71.3863 96.5194 94.541 100.603 8.0623 34.1321 62.2977 96.1769 31.3847 21.1896 106.963 122.332 61.6117 101.597 27.8927 84.0238 79.8123 98.2344 99.0454 77.1038 40.6079 113.217 77.8267 57.0351 95.5249 22.6274 128.631 34.0588 74.2496 15.8114 110.86 59.2368 
74.8131 57.3847 116.726 9.2195 84.2021 13.1529 163.355 45.8803 100.319 75.5844 125.865 0 131.488 125.256 38.8973 88.8144 109.041 117.686 39.0512 133.6 137.004 54.7449 131.883 136.825 85.6329 22.0227 50.01 36.8782 40.2616 117.924 126.052 59.6657 111.126 99.0454 124.02 89.3588 21.8403 104.235 118.258 101.02 119.854 49.4773 100.975 118.457 19.4165 91.4385 91.5478 136.418 82.0366 23.3238 21.095 45.1221 100.409 98.4937 100.96 42.72 76.9025 117.796 144.917 95.0158 91.214 20.2485 126.827 32.8024 34.176 119.218 16.2788 43.8292 17.8885 55.0091 94.0479 115.741 75.5381 91.5478 114.856 41.3038 108.853 147.411 81.4985 26.4008 37.054 67.3573 134.183 103.479 120.967 119.436 18.7883 75.0733 109.836 107.912 113.864 48.0833 78.5175 68.352 133.544 146 120.154 90.4268 140.911 109 136.561 78.2368 159.812 63.561 133.735 83.4386 106.283 68.7314 92.4175 47.5395 106.438 92.9624 100.846 60.4152 122.066 113.283 19.4165 17.0294 114.809 74.027 37.108 97.4936 99.3227 60.531 67.2309 104.355 49.0306 151.172 131.229 107.056 3.1623 9 64.2028 36.8917 59.0339 72.1803 147.801 26.2488 107.517 77.4145 85.0412 106.231 136.213 50.01 120.104 91.9239 81.0432 69.0072 60.2993 69.3109 31.6228 104.346 111.83 98.656 70.6045 58.2495 41.4367 65 24.6982 136.62 13.4536 86.3134 103.31 146.492 97.719 57.5847 95.0842 90.6697 72.4431 77.3692 99.2472 106.075 29.4109 133.66 107.187 75.2396 44.1814 156.464 136.4 114.983 26.9258 80.4114 40 114.28 87.1436 69.0507 114.158 86.5794 85.8429 166.244 98.9545 126.59 96.4624 106.118 127.883 32.5576 91.9674 51.6236 129.63 62.6418 116.09 
59.6657 95.2575 111.508 124.531 51.6236 121.078 54 86.093 116.108 55.9464 40.3113 131.488 0 45.2548 95.5196 56.0803 129.619 107.187 96.7678 22.3607 59.6406 126.143 8.9443 20.8806 54.037 111.83 127.475 122.381 104.805 17 70.7672 103.019 47.4131 65.521 68.0147 71.8053 110.145 27.313 47.2017 35.0143 96.5194 84.0536 110.494 36.0139 112.259 48 41.2311 5 106.099 132.004 134.715 128.004 47.2969 97.4987 37.7359 89.1852 60.1082 31.3847 16.5529 56.2939 62.1691 122.642 60.8112 99.4032 111.396 22.3607 136.704 87.6584 113.6 92.6553 51.8845 80.0562 66.0681 58.8558 23.7697 93.8136 107.787 27.074 127.738 108.268 101.213 73.5527 2.8284 39.8121 44.0454 36 146.813 67.1193 65.3682 27.2029 43.909 84.5991 109.49 99.3227 15.2643 36.6742 15.2315 46.1736 67.1193 64.8845 46.6476 72.111 54.231 91.022 46.0435 58.0086 29.4109 70.0071 42.4264 101.119 25.0599 70.6045 71.3092 104.005 19.7231 135.772 112.872 125.925 56.3028 60.6383 110.635 77.8332 115.767 125 91.022 32.45 127.566 24.1661 74.9667 46.3249 129.294 139.556 69.2604 117.456 91.2688 86.2844 48.0833 105.679 46.6154 126.151 53.1507 36.7696 70.4344 107.564 65.0692 72.5328 96.6902 77.6209 111 68.0661 100.344 40.8534 60.5392 80.5233 74.108 74.0945 124.459 69.6563 114.162 48.0208 128.701 105.019 132.189 59.5063 38.4187 97.1854 67.6757 75.9605 125.575 99.1413 129.988 129.449 112.641 39.1152 25.4951 56.6039 114.127 45.0111 23.4094 75.06 119.633 89.2693 97.6166 65.7343 62.6498 105.304 66.0681 129.634 57.6888 54.1479 86.5852 40.7922 90.4765 65.9242 62.9365 123.988 54.4518 84.2021 25 96.6075 97.4166 
52.8394 74.0945 68.9493 120.88 69.1158 118.406 38.833 86.8332 77.4145 61.4003 5 125.256 45.2548 0 86.3713 80.0562 89.627 64.2573 86.2786 25.0599 17.1172 101.39 36.8782 28.6356 40.4969 110.68 104.278 129.248 111.893 52.7731 25.6125 78.721 14.1421 96.026 23.0217 41.2311 107.201 43.566 7.2111 33.1361 52.8015 88.1419 71.4493 74.7329 106.405 35.7771 58 46.2277 72.8354 133.69 121.211 106.438 25.2389 59.0762 65.1153 89.1852 75.6637 16.7631 42.5441 30.4795 35.2278 123.422 15.5563 93.086 116.726 60.8276 124.964 85.44 108.706 73.8173 78.4092 115.694 83.6002 34.0588 27.5136 97.4936 66.7083 34.3657 94.6414 99.0051 105.546 57.9828 45.3431 25 4.4721 75.1532 143.283 50.2096 25 56.3205 11.6619 87.2067 77.2787 117.886 60.208 25.318 52.8394 38.6264 24.5153 25.02 11.3137 48.8262 34.8281 68.0955 8.4853 42.0119 57.9741 83.7437 39.2938 111.072 45.1221 38.2753 34.3657 79.2023 26.6271 95.3415 110 125.67 15.0333 53.3385 94.4034 41.3038 77.3175 98.3514 66.1891 60.6383 104.695 43.1741 29.7321 79.8123 123.988 131.529 62.9682 124.338 70.7248 105.929 22.8035 103.228 17.8045 94.2019 41.6773 68.4105 25.9422 86.4523 103.121 40.1622 64.5368 94.3663 85.235 56.2228 98.737 72.0347 20.025 110.653 55.3173 69.6419 104.317 79.1202 102.65 11.4018 127.201 70.3491 93.6483 23.0868 62.514 75.2928 96.5194 103.121 95.1262 68.1542 92.2659 90.0944 99.3579 11.0454 37.6563 64.0312 94.1541 33.6155 26 110.86 122.801 58.5235 102.416 23.3452 87.023 76.844 102.201 95.1893 80 42.19 116.52 82.365 53.0094 99.2472 17.6918 129.294 33.3017 73.6614 20.8087 112.805 54.4243 
36.7151 25.4951 87.2812 34.9857 54.231 33.1059 124.483 20 74.4648 41.3038 86.977 38.8973 95.5196 86.3713 0 63.0635 86.3771 87.023 2.8284 95.4149 98.4733 44.4072 94.8472 98.7927 46.8615 27.4591 42.5441 52.0096 39.8497 83.7437 88.5664 32.6956 72.2496 78.3901 86.3134 52 22.8035 68.3081 79.3977 63.1348 86.5794 26.4008 73.1642 89.0898 20.2485 52.8015 58.3095 100.305 54.8179 50.2892 39.2938 40.3113 61.5224 67.0075 70 18.3848 49.2443 79.2023 107.787 56.2228 52.6972 40.2616 88.5099 8.0623 40.3113 86.5794 41.2311 14.4222 22.8254 21.095 67.4685 99.363 51.6236 52.8015 77.026 26.9258 79.3095 109.293 64.0703 13.0384 31.6228 28.6007 98.0816 64.8151 82.0731 90.0888 57.0088 36.2353 72.0069 74.6726 74.9667 23.6008 53.1413 63.8201 99.8248 107.299 85.9069 52.1536 102.728 71.1196 97.6729 40.2492 120.917 30.0167 94.8472 44.5533 73.437 44.7772 54.5894 44.2832 70.8802 55.5428 63.6946 34.0147 84.22 91.9239 25.2982 41.4367 76.2758 35.8469 19.6977 61.4003 73.4983 47.4236 34.0147 72.1734 42.0595 113.649 94.0213 80.0625 37.6431 45.607 26.4008 48.1664 25.02 60.1415 108.904 20.0998 68.6222 60.2163 46.4004 76.0263 98.4124 27.0185 98.6813 54.7814 50.2494 51.0392 38.2753 30.4795 18.2483 75.2396 73.5731 83.7616 32.249 21.587 35.4683 37.9473 18.6815 97.7446 42.0476 58.2495 82.7647 107.801 66.0303 26.9258 75.1532 74.0945 56.2228 47.676 78.721 83.9345 18 94.7945 70.3847 42.0476 28.0179 117.686 98.1835 97.0464 42.19 47.0425 30.8707 76.4788 64.2573 42.72 93.4077 68.7968 60.1664 127.405 86.4002 98.326 63.1981 85.6154 89.6939 50.0899 53.0754 12.7279 91.2634 56.6127 83.2947 
44.6878 77.6981 123.422 80.2309 13.0384 76.2955 106.042 45.1774 118.929 29 77.0065 88.8144 56.0803 80.0562 63.0635 0 133.004 120.739 65.521 70.6045 97.1288 105.702 61.327 71.7844 52.3546 66.9104 104.752 69.9714 53.7122 39.1152 98.7168 87.1321 71.1969 18.6011 95.5667 76.0066 67.2681 37.2156 76.531 47.3814 114.039 40 114.978 30.4631 72.0069 51.6236 22.2036 60.7454 101.912 82.4621 99.1817 103.092 61.4003 103.6 18.3576 48.0937 13.9284 64.0312 72.5603 65.3911 68 74.6324 92.0706 62.514 60.9262 36.0694 99 49.6488 72.111 73.0616 5.3852 41.2311 13.3417 64.846 54.3323 47.5184 116.829 81.1542 119.038 72.5603 52.8867 58.7963 58.8303 56.8859 76.1643 31.3847 100.285 58.1378 84.7585 29.0689 70.5762 42.0476 102.942 43.2666 50.9313 86.8332 41.0488 47.1699 104.307 83.8153 88.1419 67.4759 104.785 77.201 86.0523 55.2268 26.8328 20.0998 43.9659 48.3735 36.6742 77.5242 83.6301 88.5099 59.2284 139.345 69.4622 78.4474 81.0247 45.3431 82.5651 86.954 118.191 107.331 79.6492 23.7065 104.403 80.1311 104.561 18.2483 85.9884 97.7394 45.8039 65.3682 74.3303 30.2324 95.1893 63.1269 67.4685 115.935 50.1199 20.5183 104.087 86.3308 36.2353 78.5493 93.3381 23.0217 95.0158 52.345 58.0345 17.2047 82.28 31.3209 62.9365 45.1774 98.3717 25.318 79.7621 89.0898 82.0061 103.238 132.276 102.078 18.6815 79.925 17.4642 23.0868 113.208 93.4345 128.818 131.529 80.604 81.3941 43.1856 26.1725 89.8888 97.1236 73.0821 37.4833 70.0071 86.3134 49.4773 87.9318 7.0711 94.4034 31.6228 122.801 3 107.205 36.8782 37.855 96.8349 24.7588 94.2019 72.4707 60.4152 57.6975 69.4262 41.0366 112.77 
88.3912 61.327 23.7697 111.647 120.216 112.147 120.104 103.755 14.2127 104.005 94.1488 109.041 129.619 89.627 86.3771 133.004 0 28.6356 83.8153 113.759 86 55.3263 123.033 117.631 83.4086 110.856 60.407 136.565 126.194 128.996 68.0074 53.7587 82.5409 151.486 69.1158 59.9083 105.759 112.361 84.6463 98.6154 40.3113 109.59 19.2354 146.24 99.8248 87.0919 115.624 132.257 32.249 129.869 91.351 65.3758 83.1865 32.2025 128.69 103.368 120.615 98.6813 131.472 74.793 69.6419 121.655 77.2334 93.6056 125.96 136.004 97.3293 98.4124 102.772 66.2118 135.059 174.155 126.823 73.2462 106.104 112.925 23.0868 123.968 28.6356 90.0278 117.987 74.6525 130.74 90.7855 88.5268 147.054 126.099 74.9533 65.2534 125.925 86.3308 106.892 33.2415 148.923 142.225 113.745 130.25 91.022 83.2947 65.521 96.421 65.7951 115.109 58.6686 94.6414 79.6492 126.246 121.828 95.4411 130.545 115.434 60.0333 58.3095 52.4976 110.136 6.4031 107.28 121.062 75.1864 87.6926 73.9797 51.8941 14.8661 49.2544 55.2268 127.201 61.4003 132.774 68.1836 143.934 110.164 109.165 88.4081 133.405 63.0635 142.688 106.042 104.809 83.006 32.3883 85.4283 134.629 76.2365 61.3922 167.705 58.3095 39.8246 131.469 49.8197 80.8084 104.355 136.36 70.342 161.645 70.1783 91.526 68.0661 114.039 86.8332 95.3362 119.604 30 7.8102 95.1315 124.326 59.6154 149.576 151.819 37.3363 40.4969 10.7703 3.1623 81.8841 100.285 109.275 106.888 65.3758 119.067 115.209 170.485 125.718 46.6905 117.175 66.2873 137.535 43.6578 164.055 24.0416 130.969 124.101 165.801 155.901 39.3573 157.724 76.1052 133.754 78.2304 81.8841 108.931 141.767 37.054 
76.922 62.0725 5 118.089 107.703 117.614 92.0054 100.623 22.6716 92.5905 69.0797 117.686 107.187 64.2573 87.023 120.739 28.6356 0 85 89.1572 58.3095 69.8355 99.7647 92.8493 68.5055 114.039 74.7061 139.032 125.782 109.343 40.6079 58.0517 59.9083 139.284 42.2019 44.7772 109.073 94.0479 60.3738 79.9062 12.0416 105.537 18.6011 128.693 104.389 70.4344 100.802 109.179 36.0555 135.624 103.465 79.1581 63.6553 20.025 112.929 101.119 110.018 75.8024 106.775 56.7274 53.0094 126.254 50.448 95.0053 127.193 116.932 109.11 96.026 107.378 66 121.758 161.697 117.201 56.4004 84.6286 111.158 9.434 98.0816 48.0833 94.4299 117.614 66.7608 107.912 70.8378 63.9766 129.402 136.062 64.0781 41.8808 108.19 63.2851 103.16 40.3113 144.368 120.93 87.0976 110.259 74.8131 55.0091 42.4382 69.6348 54.7814 87.0057 57.0088 68.1542 65.5134 108.931 113.464 78.8733 128.725 96.8969 43.2666 38.2099 57.2713 87.4643 33.0606 111.162 126.57 51 76.4853 80.604 33.8378 23.3452 64.1405 53.0094 110.454 75.591 107.205 40.0125 128.69 118.068 119.921 80.3243 135.133 62.0081 136.015 78.5175 107 61.4003 50.3289 70.7248 118.343 48 67.6831 153.052 42.19 37.1214 124.064 58.1893 71.5122 105.119 120.739 46.6476 151.238 61.6847 85.1645 80.2309 106.042 93.3809 68.4471 126.02 31.6228 35.1141 67.0075 108.853 61.2046 138.062 141.778 54.2033 40.4475 35.7771 30.3645 88.459 74.3303 89.9389 95.7131 74.0405 91.5478 90.2497 157.547 129.016 40.1995 115.974 41.5933 126.27 48.7647 150.207 45.4533 119.202 96.0052 156.083 137.931 25 144.779 49.0306 137.004 61.2209 78.7718 84.5813 137.528 9.8489 
37.5766 23.1948 85.1469 35.7771 56.4358 34.176 124.579 22.8035 72.0347 43.1045 87.046 39.0512 96.7678 86.2786 2.8284 65.521 83.8153 85 0 96.0417 98.0051 41.6173 95.8541 99.4786 47.2017 29.1548 39.8246 54.0833 42.3792 85.3288 87.6584 30.0832 72.1388 81.0247 85.4751 50.9902 24.3311 69.6419 79.2465 63.9531 84.8528 29.2062 70.859 91.1976 21.0238 53.2541 60.1332 101.514 52.3927 51.6624 37.9473 37.6962 61.6198 65.0077 72.0278 21.2132 51.6624 79.6304 108.747 55.9732 52.2015 41.7732 87.9204 10.0499 42.5793 88.3629 40.2492 17.2047 23.7697 19 69.857 102.083 54.231 52.4976 77.8267 29.6816 77.1622 109.932 61.2944 12.7279 34.176 28.3196 99.2975 65.215 82.0244 92.1954 57.4282 36.0694 71.1969 76.4199 74.9667 26.4008 50.5964 66.6108 101.435 107.615 87.4757 52.8394 102.083 70.3278 97.591 39.4462 120.934 28.0179 94.7629 44.6878 75.2396 47.4236 55.4617 46.9574 72.2772 54.5619 62.6498 31.3847 85 89.3197 26.6833 42.72 75.8024 36.6742 17.088 60.0833 71.0634 44.5982 32.0156 74.0608 39.3573 114.49 93.0376 82.3772 38.0132 45.3431 27.5136 50.3587 23.0217 62.9682 108.904 22 68.593 57.4282 46.8722 78.1025 97.6166 24.2074 101.242 53.7122 48.0937 53.8238 35.5106 30.8058 20.6155 77.4145 72.9452 86.5332 31.6228 23.1948 32.8938 40.4969 17.4642 97.6217 43.0813 55.9017 80.1124 107.448 68 24.5153 77.8203 76.8505 53.4135 45.3982 76.0592 81.3449 16.1245 94.921 71.5122 44 25.2389 117.924 98.7927 99.7296 44.0454 45.1774 33.541 75.6637 66.8506 40.1622 96.0052 66.0379 62.6418 127.562 89.202 100.499 61.4003 88.2383 89.0449 52.0096 53.0377 13.0384 91.8096 59.4054 81.4985 
58.8218 89.1852 93.7763 127.781 62.6498 124.74 35.4401 90.5097 101 61.0737 20.1246 133.6 22.3607 25.0599 95.4149 70.6045 113.759 89.1572 96.0417 0 37.6431 118.878 13.4164 4 49.1935 116.043 121.037 130.602 112.801 35.0571 50.4777 95.5667 32.0624 83.3847 48.0208 60.1332 113.455 34.4384 29.1204 32.6497 77.8203 90.0278 95.1262 56.7186 114.202 42.9418 50.9902 22.0227 94.0053 137.931 133.297 122.413 37.108 82.3772 52.9528 93.3488 70.6612 17.4642 17.72 45.7056 51.6236 127.988 40.2244 100.802 118.697 42.4264 136.191 90.6863 116.039 87.6641 67.4685 100.245 77.8781 49.0306 19.105 99.905 91.0934 13.8924 116.004 108.453 107.815 69.3542 21.6333 31.3847 25.2982 56.8859 150.446 61.8466 48.5077 42.4264 28.0713 89.8721 98.0204 112.539 37.5899 16.2788 34.2345 43.2666 45 48.2701 24.4131 64.0312 34.3657 83.9345 24.0832 52.3927 44.5533 80.1311 41.2311 110.386 34.176 58.0086 56.4358 96.3172 12.2066 119.641 116.276 130.832 38.6005 59.6406 107.424 63.3877 100.807 116.726 82.9759 47.676 121.297 20.0998 54.037 65.0077 131.822 140.911 69.4046 125.603 85.3815 99.7246 26.3059 109.124 33.0606 115.039 49.2443 54.1479 48.7955 101.833 85.9884 60.0083 85.0235 89.4707 102.961 65.3682 104.062 58.2151 43.4166 98.5089 68.352 75.4321 119.541 77.666 113.371 25.807 133.056 92.1358 117.277 37.1618 51.923 90.802 84.8528 92.5743 115.278 88.1419 115.572 114.004 110.941 17.0294 29.1548 62.8013 109.11 26.5707 2.8284 95.2575 126.063 78.1601 104.35 47.7598 77.6209 95.7549 86.2844 117.154 71.4703 36.7696 104.58 62.6418 75.8024 85.0059 42.2019 131.503 45.8803 83.006 5 108.688 79.3095 
67.4166 82.807 63.2851 133.405 86.0233 131.229 34.3657 101.237 75.5381 77.4661 20.8806 137.004 59.6406 17.1172 98.4733 97.1288 86 58.3095 98.0051 37.6431 0 107.187 50.8035 40.3113 54.7814 124.036 110.675 143.924 126.874 69.0797 18.0278 85.8021 28.1603 113.137 17.4642 48.8365 120.221 60.6712 21.3776 50.01 46.2709 103.121 69.5845 91.1811 118.714 50.9608 75.0267 59.6657 75.3923 147.248 130.832 113.464 39.8497 58.6941 82.201 103.368 92.3472 33.7343 53.2635 42.5441 45.8039 136.953 10.8167 105.688 131.309 77.0779 135.074 99.2824 121.202 83.4506 95.5249 132.673 100.319 45.793 44.3847 112.161 63.0317 42.19 96.1665 110.603 120.154 69.8928 59.203 41.3038 21 91.5478 155.425 62.434 28.6007 73.2462 27.2947 101.951 80.2309 134.35 74.8866 29.9666 68.942 54.3415 7.6158 29.2062 13.4536 58.8982 29.4279 76.4853 13.6015 55.4617 74.9533 100.13 55.5788 126.531 62.1691 45.3431 38.833 86.0233 42.5441 91.0879 122.967 138.924 22.2036 67.7791 103.947 44.7772 75.6637 103.354 73.8783 77.666 111.221 51.6236 18.6815 96.7729 136.015 142.636 76.9675 139.086 79.9062 122.589 20.2237 116.469 32.28 96.4624 56.3028 85.3756 11.6619 94.4934 119.854 46.8615 68.4251 110.887 91.2688 69.3542 112.294 89.0505 25.4558 127.769 66.4003 83.672 112.004 95.1262 113.455 12.0416 140.132 72.111 91.1976 10.2956 79.6304 83.6301 113.635 120.204 98.2344 72.4707 90.5539 87.0517 109.713 20.6155 54.7449 80.2309 102.303 33.2415 37.4833 127.816 136.854 63.8122 117.175 24.6982 104.077 81.9878 119.105 95.8019 97.0206 38.3275 133.634 98.4124 54.0833 116.297 10.7703 143.673 46.5188 85.9826 34.6699 129.066 49.0408 
68.469 31.0161 67.5426 58.8218 95.1893 60.1664 139.556 64.405 49.0408 79.8123 104.062 54.7449 126.143 101.39 44.4072 105.702 55.3263 69.8355 41.6173 118.878 107.187 0 122.801 122.784 72.111 61.4003 5.099 86.3308 80 118.343 91.6079 23.3452 88.5438 122.119 90.6973 60.1664 56.6039 101.124 94.3398 91.1373 75.6042 70.8025 51.4296 128.55 49.7393 78.2304 96.1041 130.311 34.8281 76.922 36.0555 10.0499 81.7863 53.9073 109.142 62.6259 91.7878 101.415 134.648 73.2462 67.4463 70.0071 96.3846 48.7955 77.6981 123.045 42.0476 58.8218 52.3546 34.3657 109.563 143.544 95.2943 69.857 103.697 70.0071 60.4152 132.185 27 41.4005 72.4707 53.0848 128.25 88.1192 98.0816 129.522 71.007 59.0339 78.7718 111.158 92.3472 68.0074 30 106.832 134.183 126.194 120.266 80.025 108.467 78.2943 111.893 54.9181 135.059 35.2278 109.252 68.1836 110.476 88.6848 84 85.9127 104.173 63.1585 68.4763 22.561 110.168 59.0085 57.3062 68.6222 87.2353 67.4759 25.4558 62.434 48.1041 6.0828 35.9026 110.023 6.0828 138.852 95.268 121.433 56.2939 54 61.8466 84.119 35.0143 104.35 123.483 57.2014 86.4002 23.0217 73.0274 115.447 102.201 19.6469 141.852 61.327 39.2046 95.4411 16.1555 59.3043 58.7963 115.521 82.7345 128.141 52.0384 60.7454 13.3417 81.4125 35.8469 111.4 66.4831 39.2046 49.0102 117.478 104.785 29 119.08 118.431 18.0278 35 45.0444 52.2398 31.6228 112.009 101.005 81.6088 16.4012 135.004 121.277 141.032 75.1532 43.4166 72.9178 82.4924 107.782 25.2389 136.854 32.0156 102.956 143.178 130.801 138.246 55.2268 129.252 96.566 82.8553 73.1642 48.1041 114.004 99.7246 71.4003 
58.3095 92.228 104.202 125.363 55.2178 122.066 46.1736 87.2009 109.768 57.0088 31.8904 131.883 8.9443 36.8782 94.8472 61.327 123.033 99.7647 95.8541 13.4164 50.8035 122.801 0 12.1655 50.9902 113.004 124.459 125.256 107.517 23.3452 62.482 99.5038 40.4969 72.3671 59.8164 66.4831 110.941 28.3196 39.4462 32.28 88.8369 85.7963 104.043 44.1022 112.508 44.7214 44.0454 9.434 100.841 133.959 133.701 125.32 42.107 91.0934 43.0813 90.2109 63.6003 24.3516 13.0384 51.1566 57.1402 124.326 52.4023 99.363 113.846 30 136.059 88.2043 114.057 90.0278 57.5847 88.0057 70.1783 54.037 19.105 95.6713 100.846 19.9249 122.691 107.787 103.325 71.0634 8.4853 35 36.0555 44.1814 147.872 64.1327 58.1808 32.311 36.7696 86.0523 104.48 104.235 24.1868 28.1603 22.0907 43.6807 58.2495 57.7754 37.7359 68.1175 46.0109 87.5728 37.2022 54.7449 34.5398 73.4098 40.4969 104.35 26.9072 64.9384 64.846 100.404 13.1529 129.097 113.719 127.44 48.7647 59.2368 108.812 71.5681 109.481 121.264 87.2067 37.6962 124.615 19.799 66.4831 53.4603 129.85 139.671 68.4471 120.283 88.2836 91.2414 39.2938 106.508 40.2616 121.334 50.448 43.1741 61.7171 104.738 73.3348 66.9104 91.5478 81.8352 107.299 66.0984 101.257 47.2969 53.2259 87.4757 71.0211 73.8241 122.025 72.1388 113.318 39.1152 130 99.4636 125.96 50.5668 42.9418 94.0479 74.2159 82.28 121.066 94.2603 123.94 123.016 111.427 30.2324 24.6982 58.1378 111.611 37.1214 14.5602 83.006 121.754 84.2912 99.7647 58.1808 68.1542 101 74.0068 124.31 62.6099 46.6905 93.5575 49.4773 84.2021 73.3348 54.4885 126.574 50.01 83.006 16.2788 101.02 89.9444 
62.1289 93.0054 97.4987 130.874 64.4127 127.781 34.5254 93.3809 104.924 63.7024 23.7697 136.825 20.8806 28.6356 98.7927 71.7844 117.631 92.8493 99.4786 4 40.3113 122.784 12.1655 0 52.8015 119.004 124.908 133.06 115.256 35.0571 53.8516 99.4636 36.0555 83.863 51.4782 64.1249 116.516 36.3593 32.9848 35.805 81.4371 92.6984 99.0404 56.2228 117.414 46.5188 52.8394 19.7231 98.0051 140.716 136.85 126.242 41 86.3134 53.8516 96.2601 72.5603 21.3776 13.9284 49.6488 55.5788 130.832 43.566 104.043 121.264 42.0476 139.671 93.723 119.202 91.4166 68.4105 100.045 79.6053 52.9528 22.0227 102.591 94.921 10.6301 120.004 111.83 110.454 73.0068 19.6977 35.1141 29.1204 56.3205 153.525 65.5515 52.3927 43.1741 32.0624 92.6337 102.02 114.127 35.8469 16.0312 34 46.6476 47.5079 52.1728 26.9072 67.9117 34.0147 87.8009 26.9072 56.0803 45.3542 82.1523 44.4072 112.645 35.7771 62.0081 60.407 100.225 14.8661 123.491 119.331 133.735 42.45 62.9682 111.086 67.3647 104.738 120.669 86.885 48.5077 125.16 16.1245 57.2014 65.192 135 144.222 72.6705 128.062 89.1852 101.237 27.2029 112.161 37.054 119.038 52.7731 54.5894 51.6624 105.65 85.4751 64.0078 89.0225 91.2414 106.888 68.884 107.056 58.6941 47.2969 98.9949 72.111 78.6003 123.329 80 116.846 28.3196 136.029 96.1301 121.202 38.9487 53.1413 94.6414 85.5102 93.3916 119.269 92.1358 119.52 117.903 114.49 19.8494 31.4006 65.2993 112.894 25.4951 2.8284 95.0474 128.763 82.1523 106.963 51.5461 78.7464 99.7246 86.0523 121.149 72.8011 35.4401 105.076 61.6117 79.7621 85.1469 45.4863 134.063 49.7293 86.4523 9 110.476 83.006 
12.6491 41.3038 71.4003 80.7217 39.3573 78.1025 77.7946 46.5188 69.2026 25.4951 40.4599 85.6329 54.037 40.4969 46.8615 52.3546 83.4086 68.5055 47.2017 49.1935 54.7814 72.111 50.9902 52.8015 0 70.214 73.5527 89.1572 72.111 47.8017 50.04 49 26.8328 70.8308 47.0956 24.0832 66.8431 30.3645 34 19.0263 61.7414 48.3839 64.5368 62.9682 66.468 6.3246 32.5576 58.2151 55.0364 93.1933 84.119 74.3303 15.2643 52.3259 45.3431 48.7647 42.72 32.45 63.3246 14.0357 15.6525 82.9277 46.3249 53.0377 76.5572 53.8516 87.1321 44.9444 68.6222 39.0512 53.2541 93.1933 50.448 12.6491 32.0156 57.3847 65.192 63.0635 75.5844 59.8164 65.3911 20.2485 56.1427 18.0278 36.0555 63.8122 103.276 13.1529 34.1321 42.9418 28.8444 47.1699 57.5847 82.0061 62.9682 60.4401 49.4773 8.2462 60.4401 33.1361 51.614 18.9737 74.411 37 48.8262 4.1231 43.0465 48.2597 12.6491 72.0347 33.5261 25.2389 31.3847 50.01 38.8973 89.8109 69.6563 85.2115 33.7343 13 58.3095 34.6699 68.6003 71.0282 37.2156 43.8292 73.6817 68.352 56.0357 60.8112 84.1487 92.4554 22.4722 84.309 37.3363 71.4493 62.482 62.8013 22.8254 73.4983 2.2361 51.225 57.8705 53.7587 84.9588 26.4008 45.618 59.3043 57.0351 16.4012 58.2495 53.0754 33.0606 83.2586 20.0998 29.1548 71.0634 42 64.3506 51.8652 86.8332 55.0727 84.0595 63.0635 41.0366 43.1856 69.7711 74.0945 72.3671 47.1699 81.1234 82.4197 61.7738 48.1041 29.1548 28.6356 60.6383 70.8378 51.8845 89.0505 82.365 38.0132 62.3939 38.0132 58.1808 51.9711 81.8352 78.1857 50.9902 80.6226 88.3912 72.7186 45.2769 76.2758 48.0521 89 9 34.2053 44.7772 76.0592 60.4152 
