NAME : RC1_2_1
COMMENT : Converted to TSPLIB by Accorsi & Cavaliere.
TYPE : VRPSPD
DIMENSION : 201
EDGE_WEIGHT_TYPE : EXPLICIT
EDGE_WEIGHT_FORMAT : FULL_MATRIX
CAPACITY : 200
EDGE_WEIGHT_SECTION
0 62.0967 54.5894 36.7696 9.2195 62.2656 18.3576 51.1077 58.3095 39 78.2368 64.1405 41.6293 62.1289 23.7697 49.0918 42.107 41.1825 51.0392 82.134 60.7454 36.8917 55.0364 68.5055 32.8024 81.0247 62.434 57.3847 14.7648 41.6173 27.7308 71.8679 70.8025 59.0762 50.01 79.925 44.7772 35.7771 70 37.108 43.0116 39.8121 53.7122 37.5766 63.9766 66.0681 59.6825 30.2655 35.3553 21.1896 73.5527 66.4831 73.8241 94.7523 24 51.8941 67.4759 39.0128 47.4236 43.4166 64.2884 75.3923 62.7694 42.8019 17.2047 79.2591 34.4819 12.6491 52.6972 52.345 65.192 63.8122 33.5261 63.2535 79.7559 72.6705 52 78.2304 21.4009 33.121 58.258 49.4065 22.8035 76.5572 51.0392 65.8559 61.2209 46.5188 52.8394 32.311 59.439 73.1095 15.8114 64.8845 82.801 76.4788 37.5766 40.3113 41.1947 82.201 32.2025 87.9659 43.0116 64.0078 82.9277 57.3149 68.469 41.7253 67.624 77.4661 52.8015 91.9674 74.2765 49.5177 64.8151 70.406 69.9714 66.8506 66.5282 40.1995 46.6905 60.6383 77.1751 92.0217 39.3573 77.201 49.7393 55.9732 78.2368 47.8017 17.0294 36.3593 21.095 42.0119 45.4533 56.3028 34.0147 71.4213 58.8303 39.4462 21.3776 70.9366 10.6301 43.0465 75.5844 75.0733 79.177 43.0116 70.8025 44.6878 10.8167 81.8352 42.0119 15.2971 18.868 62.2896 41.0488 70.2922 35.1141 61.0574 80.1561 37.6563 31.8277 14.4222 82.1523 65.1153 32.6497 55.4437 84.6286 37.5766 85.9127 17.8045 55.4707 46.8615 26.4197 36.0555 52.345 72.4017 49.7695 49.93 36.6742 77.8267 33.0151 48.0104 48.8365 61.0983 57.6888 14.2127 42.4382 77.6209 55.1725 48.7955 87 75.6902 36.6742 37.6563 46.2277 59.4811 77.8203 56.2228 48.0521 
62.0967 0 24.7386 89.3085 70.406 47.3814 60.208 104.862 8.4853 77.6209 61.131 47.4342 80.0812 19.6977 63.6003 104.01 103.755 44.7214 106.231 77.1622 49.8197 81.3941 116.4 119.05 90.3549 63.2851 49.4975 116.297 60.4152 85.9069 48.8365 127.393 119.854 98.6813 19.7231 58.5491 96.6075 77.666 118.878 72.8354 104.393 99.3227 39.5601 90.9725 114.215 114.004 47.8539 72.4707 90.2109 64.0703 117.004 123.822 127.883 136.858 60.531 107.168 115.209 100.13 29.6816 83.9345 2.2361 137.244 48.3735 60.4649 50.04 112.294 72.0347 56.1427 107.336 32.5576 126.752 46.0435 95.6033 68.0074 131.214 25 17.8885 58.3095 57.4282 62.9365 114.586 100.841 74.027 125.208 22.2036 112.539 110.218 47.7074 45.3431 73.3485 103.947 132.004 75.8024 78.5493 120.83 126.811 41.2311 25.318 102.961 119.921 75.1332 133.454 99.1262 99.4032 62.6498 33.4215 128.25 90.934 115.953 117.546 104.019 149.566 117.324 30 113.565 70.1783 122.442 117.085 31.0161 101.98 54.5894 62.9682 56.3205 52.0384 93.1933 115.551 110.86 27.6586 115.451 106.042 54.2033 91.9239 59.6406 103.097 28.178 48.7647 87.6641 35.171 48.0521 82 56.2228 42.4264 71.7844 84.6463 58.5918 131.469 89.0225 104.087 125.431 58.8303 59.5063 120.934 102.044 64.8845 76.2365 70.9366 96.8969 111.665 93.086 48.6621 120.702 99.6895 54.4518 59.0593 59.8415 111.571 81.4985 114.935 121.202 99.2975 82.1523 57.4543 43.4166 92.1954 37.1214 27.7849 29.7321 108.747 100.424 104.561 90.4268 52.7731 94.541 103.774 106.55 38.1182 49.4773 57.7062 86.122 117 112.872 32.2025 130.633 68.1836 93 97.4166 103.078 43.566 139.284 24.8395 80.4301 
54.5894 24.7386 0 72.8011 63.7887 23 45.7056 87.7268 30 81.8352 38.3275 66.4078 84.5991 42.0476 47.1275 87.4643 96.1301 55.6058 89.6939 53.0094 25.1794 83.6481 109.165 120.154 76.1577 40.8044 25.02 101.533 47.2652 88.5889 53.4135 125.686 121.742 104.01 8.0623 36.7696 79.2023 80.6226 120.83 53 97.2522 94.3663 14.8661 74.6726 95.1893 116.297 23.1948 54.626 74.6324 48.5077 121.433 107.703 127.13 142.359 62.7694 105.361 117.631 93.4345 44.2832 87.983 26.2488 125.603 24 38.2099 49.1935 120.739 76.0066 53.8516 90.471 49.3964 119.038 65.146 86.0233 43.3244 132.034 49.366 8.2462 36.0555 41.9762 43.4166 98.2344 101.02 72.8011 105.209 38.8973 115.382 111.893 60.4649 60.8276 76.1577 83.6002 116.709 70.214 54.1295 127.64 107.336 21.5407 33.8378 95.0842 126.827 77.4145 137.354 83.4865 77.1038 40.8534 52.2015 123.045 91.7878 118.106 123.422 85.8836 132.914 121.939 45.6946 115.451 86.7698 103.942 118.309 53.2353 94.0851 31.241 78.032 34.176 76.4199 76.896 122.066 98.4784 46.5725 122.413 102.181 41.1096 76.5376 44.1475 96.421 41.5933 24.0416 71.7844 58.0775 23.3452 85.0882 57.8014 21.6333 62.0081 88.3233 78.848 114.543 64.2884 97.4166 107.782 36.0694 48.0104 127.315 88.8426 51.4782 72.2772 84.8764 81.2712 116.812 89.2693 24.0832 126.479 91.0055 35.3412 46.1736 38.4838 114.49 81.939 100.688 128.6 88.3629 58.0086 43.4166 18.6815 94.8262 37.4433 20.5913 46.8188 115.802 82.2982 87.8465 74.3303 31.7648 87.2812 87.6641 91.3947 14.3178 24.7386 45.0999 89.0674 123.146 97.4064 47.4236 135.326 44.0114 90.2497 92.228 87.5957 19.0263 126.696 44.1475 58.7963 
36.7696 89.3085 72.8011 0 36.3456 68.0661 29.2062 15.6205 88.0909 70.0071 78.7718 100.648 72.0625 94.7629 25.9422 14.7648 41.7732 77.8203 17 74.0945 65.0077 65.2763 52.0096 83.863 10 81.0494 67.0075 29.2746 29.6985 68.7314 64.4748 80.0562 87.3212 85.1469 72.0069 82.3893 8.0623 66.0303 86.8332 23.0868 43.9318 48.8774 64.1327 2 27.2947 84.5281 65.0692 18.4391 4.2426 25.2389 94.541 34.9285 83.8689 114.061 59.6657 65 85.8662 43.0116 82.201 72.3395 91.526 56.3205 68.0294 40 53.6656 105.991 67.1193 49.3964 18.0278 87.6584 58.6686 100.24 30 56.0446 92.2009 105.361 74.2428 80.399 31.9061 30.4138 25.4951 68.1542 52 39.8121 84.2912 85.4927 79.6241 83.2586 89.4427 64.0312 24.0208 43.9659 39.0128 50.5371 106.283 39.9625 51.264 72.9178 40.3609 105.948 63 105.309 11.0454 33.541 83.863 92.6553 68.4105 65 85.4225 100.305 16.1245 60.4152 95.462 84.4038 82.7345 106.738 34.0588 82.8553 101.045 39.6989 48.0416 97.1236 80.2247 127.201 4.1231 101.193 30.3645 90.4268 102.786 56.8595 35.4683 5.8309 29.6816 44.8219 79.8123 61.0737 3 106.212 64.0703 68.2642 57.8705 80.399 27.6586 71.4493 112.308 42.19 62.426 45.4533 36.2353 43 32.0156 104.752 20.6155 25.4951 44.0454 98.0612 9 93.3006 49.7695 66.0303 102.318 35.4683 37.6431 31.1127 84.4808 85.0882 59.4138 29.0172 108.784 26.9072 76.0592 32.0156 63.5059 71.8053 59.8164 61.6117 87.2009 98.2344 13 15.2643 2.2361 83.0241 38.0789 14.8661 19.105 72.0069 62.0322 32.5269 69.7209 100.901 24.7386 84.0536 106.005 71.3092 53.4883 47.0106 15.1327 67.3647 56 90.1388 27.2947 
9.2195 70.406 63.7887 36.3456 0 71.1196 25.4558 49.0408 66.0984 34.5254 86.8217 67.624 36.8782 68.884 30 46.6154 33.3766 44.6878 48.3322 89.8053 69.4622 31.0161 46.1736 60 30.0832 89.5879 71.1969 52.4976 21.9317 35.3412 31.1448 62.7694 62.482 52.7731 59.0762 88.6848 43.9318 30.8058 61.7171 42.0476 34.1321 30.5941 62.7694 36.6742 62.6418 58 68.4763 34.5398 33.9559 27.2029 66.0681 62.2013 64.846 87.1149 23.7697 42.9418 59.4138 30.0167 53.2541 37.9473 72.5672 67.9779 71.5891 50.2096 22.4722 73.4098 31.0161 16.4012 50.1597 57.6281 56.4358 67.4759 25.9422 70.7248 71.0211 79.2591 61.0328 86.954 29.0689 39.8246 54.7083 41.1096 16.7631 75.2861 57.7062 58 53.0754 49.4065 56.2228 28.1603 60.1332 67.897 6.7082 71.2811 76.0066 74.6726 46.6154 47.5395 32.5576 75.4718 27.4591 79.9312 40.3113 66.7533 91.586 62.482 59.3043 34.2053 59.4643 70.4557 51.6624 87.1149 66.8431 55.2178 56.6392 70.8378 67.624 58.4123 72.2011 31.5753 54.8179 61.4654 85.9593 96.9381 38.0789 70.4911 43.4166 61.8547 71.6938 38.6005 25.5539 34.4819 28.2843 33.0151 51.6236 65 33.3766 76.8375 67.6018 33.8378 23.0217 80.0562 9.0554 37.3363 78.2304 71.0282 85.44 34.0147 67.6018 52.345 18.6011 74.8866 36.8782 20.8087 10.6301 61.8466 38.6264 63.2456 26 69.8355 73.0068 29.4109 39.8246 22.0227 90.9175 57.3149 25.9422 50.2494 78.032 30.8058 93.3809 25.6125 64.405 39.9625 33.8378 45 58.0086 66.1891 49.0306 47.5395 35.6931 86.764 24.1868 45.1885 44.9444 70.2282 66.3702 22.2036 36.2491 70.7248 51.0392 54.2033 79.2465 83.7377 27.7849 28.4429 42.9418 68.4471 70.8308 62.434 52.5547 
62.2656 47.3814 23 68.0661 71.1196 0 47.4342 81.0494 53 96.1769 17.2047 88.5268 99.0051 65.0308 45.8912 81.6149 100 75.1332 83.7257 30.0167 3.6056 96.5401 112.792 130.698 74.1687 20 2.2361 97.2522 50.3289 101.533 70 133.754 132.853 118.191 30.2655 17.8045 72.6911 94.1754 132.019 45.2769 101.533 100.846 10.2956 70.0643 85.3815 127.883 3 50.01 71 48.2701 134.466 101.435 135.96 155.708 77.0779 114.061 129.275 98.3514 65.8027 101.912 48.6621 124.036 1 28.1603 62.9365 136.561 90.5097 65.9469 84.0119 71.3092 121.807 87.3212 88.5268 22.8035 142.021 72.2496 31.0644 16.2788 43.3244 38.0526 92.0706 111.517 83.8153 93.5201 61.1882 127.413 123.146 80.5295 81.9329 89.8721 72.2357 111.158 77.8267 34.7131 142.215 96.3846 25 54.4243 98.7623 141.485 90.6863 149.616 79.1012 62.434 21.2132 74.5252 128.082 103.228 129.53 137.441 77.8781 125.16 135.093 67.4463 126.752 107.703 94.5569 129.004 76.1643 97.8008 20.025 98.4886 15 99.3227 72.111 136.561 97.1854 69.0507 137.208 109.252 45.618 73 44.9222 101.193 62.9365 7 68 81.0555 4 98.4937 72.1388 13 66.4831 101.98 101.203 106.963 42.5441 102.142 99.4585 25.1794 52.8015 141.598 87.1436 53.4509 81.1234 104.657 77.0584 130.484 97.0464 2.2361 140.357 94.1116 32.9848 49.7695 20 126.606 93.6002 97.0824 143.558 89.2693 35.0143 46.2385 7.0711 107.448 53.8238 37.5899 68.884 130.817 74.5252 81.7435 70.0286 15.8114 92.0272 82.3893 87.1436 9.4868 6.0828 49.2443 102.176 137.361 92.4392 68.9638 148.223 21.0238 98.8838 98.6154 83.1505 4.1231 124.036 66.7533 46.8188 
18.3576 60.208 45.7056 29.2062 25.4558 47.4342 0 44.8219 58.8982 57.2713 62.1772 74.9466 59.9333 65.9469 6 43.8292 52.6308 53.1507 46.0435 64.3506 45.31 55.2268 65.5134 85.276 30.6757 64.8845 47.1699 56.4624 3.6056 59.9083 41.1096 86.8332 87.8635 77.3886 43.6578 64.4748 36.7967 54.1202 87.1149 20 54.1202 53.6656 40.4475 30.8058 55.3173 83.4506 44.5982 14.8661 30.0167 4.4721 91.4385 63.6318 89.3588 112.539 41 67.6757 84.8646 50.9215 54.5894 61.7738 62.434 79.9062 47.7598 24.7588 30.0167 97.6166 52.5547 28.4429 47.2017 60.3738 74.8131 74.3303 41.4367 45.2769 96.0208 76.4853 45.8803 62.6498 4.1231 14.7648 54.3783 66.5282 41.0488 67.2012 55.8032 83.4506 78.5175 59.0339 64.2884 50.5668 47.4131 72.0139 31.8904 46.5296 101.02 68.1175 25 44.4072 51.4198 100.439 50.5371 105.38 38.9487 48.6621 67.082 65.2993 80.6536 59.5483 84.8999 95.6033 44.5533 89.3588 92.1954 56.8243 82.0731 85.1469 62.9365 83.7377 72.9452 50.448 29.6816 75.1665 61.8466 99.3227 33.0151 95.4411 52.7731 62.434 96.5194 62.1772 6.4031 31.7648 2.8284 53.7587 51.9711 40.8534 27.4591 78.2304 43.6578 57.8014 37.3363 57.8705 19.2354 61.4003 87.3613 71.2811 60.8276 54.7083 65.437 26.9072 7.6158 100 43.1741 6.0828 36.0694 78.0577 36.7151 88.4081 50.4777 45.8803 98.2344 46.8722 14.7648 4.1231 66.7083 82.7587 50.8035 55.3624 102.903 43 67.9412 2.8284 41.2311 65 32.2025 32.45 59.5399 90.7359 41.0366 44.4072 30.2324 63.2456 44.5982 43.566 46.5188 48.3735 42.1545 5 60.7454 95.8019 52.7731 56.7979 104.69 58.4123 52.8015 51.4296 42.9418 45.3542 81.0247 61.8547 31.0161 
51.1077 104.862 87.7268 15.6205 49.0408 81.0494 44.8219 0 103.711 80.7527 90.0056 115.248 82.4924 110.309 41.3401 3.1623 44.0114 92.2822 3.6056 82.7647 77.7817 75.2396 51.0392 87.6641 18.9737 92.0489 79.7621 18.0278 45.2769 78.0256 78.7718 81.1234 91.4166 93.2631 87.3212 94.0213 8.544 76.6551 91.0824 35.9026 46.2385 53.6004 78.1601 14.1421 14.0357 89.56 78.0897 33.1059 15.8114 40.8044 100.17 20.3961 85.4751 118.33 72.8011 69.2604 90.802 46.8402 97.4526 82.1523 107.075 46.8188 80.895 52.9528 68.2642 113.745 78.6448 63.5295 3 102.801 55.1543 114.909 34.5254 66.1891 94.3663 120.917 89.5545 92.0217 47.4342 44.5982 11.0454 74.3303 63.1506 26.4764 99.7647 90.956 84.8999 97.5295 103.942 75.3127 19.105 30.1496 50.2195 58.4637 112.588 25.632 66.2118 88.4138 42.72 112.379 73.9797 109.005 9.0554 33.6006 95.0211 107.801 66.8431 73.1095 90.1388 106.513 5.6569 45.1885 101.139 99.6393 87.6413 119.871 18.868 86.977 116.387 42.3792 61.1882 110.494 92.0869 142.436 12.0416 107.87 25.4951 105.759 109.659 60.407 51.0882 14.7648 45.2217 47.7598 95.1315 74.1485 17.6918 121.511 77.1038 78.2304 71.5891 93.7443 41.1461 81.0987 126.59 26.8328 68.1542 48.1041 20.6155 55.9017 47.4236 110.856 19.3132 41.0122 54.9181 110.725 10.4403 99.8248 56.4358 78.9177 108.171 38.6005 52.3927 46.6905 96.0052 90.7083 69.1809 19.2354 115.317 29.1204 83.9345 47.634 77.1298 80.0999 75.1665 77.201 102.45 105.802 7.2801 2.2361 14.8661 95.3362 43.566 5.3852 10.6301 85.8662 74.9667 48.1041 79.0253 107.28 12.6491 99.2018 110.386 81.3941 60.407 52.1728 8.544 80.8084 45.1221 105.551 36.1248 
58.3095 8.4853 30 88.0909 66.0984 53 58.8982 103.711 0 70.406 67.7422 39.1152 72.7805 12.1655 62.9365 102.616 99.2018 36.7696 104.809 83.006 55.0818 74.5453 111.611 112.147 88.2043 70.0357 55.0091 114.057 58.6003 78.9177 42.107 121.066 112.787 91.0934 23.3452 65.5134 95.6713 70.7107 111.803 73.4098 99.6895 94.0479 44.2832 89.6437 113.846 106.888 53.0848 72.1388 88.6002 63.0317 109.481 122.066 121.334 129.097 54.037 101 108.06 95.3415 21.4709 76.6877 9.434 133.701 54 62.6099 44.7214 104.202 64.9384 50.9902 106.042 24.0832 122.025 37.7359 91.7606 72.3671 124.31 19.9249 22.0907 65.1153 56.5862 63.6003 113.004 94.2603 68.1175 125.256 13.8924 105.323 103.247 39.4462 36.8782 66.4831 104.35 129.85 71.0634 82.28 112.925 126.574 42.9418 19.105 98.4937 112.004 68.3593 125.96 97.4166 101.02 69.6348 25 122.801 84.2912 108.853 109.786 103.325 147.872 109.768 21.6333 106.532 61.7171 121.754 110.168 23.5372 97.5295 57.5847 54.4885 63.1506 46.6905 91.8314 107.703 107.787 19.2094 107.541 100.404 52.6308 90.2109 58.7282 98.27 20.2485 53.4603 86.2148 28.1603 53.1507 74.9667 50.01 49.4773 68.4471 77.4661 50.5668 130 93.5575 99.2472 124.326 61.327 57.1402 113.088 99.363 63.0079 71.0211 62.482 95.2103 104.043 87.5728 54.037 112.947 95.5092 55.2178 57.2014 66.9403 104.346 75.06 112.508 113.217 95.8541 88.0057 56.0803 48.2597 85.1587 32.28 26.9072 21.2603 100.846 99.7647 103.233 89.0225 59.9083 89.9889 102.201 104.561 44.1022 54.3323 55.8032 79.0759 109.202 110.941 23.8537 123.016 74.0068 87.2067 92.228 101.257 49.0102 136.059 16.4012 81.8352 
39 77.6209 81.8352 70.0071 34.5254 96.1769 57.2713 80.7527 70.406 0 113.146 51.6236 2.8284 67.0298 62.7694 77.9295 47.4342 35 79.2465 119.62 95.483 7.0711 55.1725 42.0476 62.2013 115.974 96.8762 79.1202 53.7122 9.2195 29.1548 52.9528 42.4264 22.2036 74.793 113.899 77.0584 4.1231 41.4367 75.8947 46.4004 36.8782 86.3713 70.0071 94.7629 36.4966 94.0479 68.6804 67.0298 60.1664 39.8121 89.5377 52.2398 60.5392 19.2094 34.9285 37.6563 42.4382 50.1597 6.3246 79.3095 84.386 96.8762 81.1234 33.3017 40.8044 5.8309 30.6105 81.2158 51.0392 64.6607 52.2015 49.0408 101.242 54.1479 75.1665 76.0592 112.45 59.9416 72.0139 83.9345 25.9615 18.0278 107.201 57.4282 34.9285 33.0606 35.5106 42.2019 6.7082 94.0213 92.5743 31 103.755 46.0977 105.906 71.4493 52.4976 47.7074 45.3431 7.0711 56.0803 71.7008 101.272 117.388 54.3323 59.9416 16.5529 38.4708 41.6173 84.2912 111.826 40.2492 51.0392 36.2215 43.9318 98.27 40.05 64.6297 47.1699 83.8153 37.0135 111.072 83.3847 71.0634 40.4599 67.1193 57.0088 41.0366 38.6005 54.7083 67.1193 59.9333 44.2041 50.4876 91.2853 67.0075 67.4685 93.3488 5.3852 24.2074 102.005 43.566 7.0711 57.6888 98.4327 118.068 44.8219 96.8401 82.6801 49.6588 45.607 64.56 54.0833 26.0192 33.4215 70.4557 34.9857 30 95.462 44.6542 48.3011 69.6419 53.2259 116.043 33.9559 12.53 76.3217 47.3814 55.3624 123.709 56.356 89.1067 15 44.4185 61.2944 53 34.6554 82.0975 78.9177 69.0072 110.635 41.1461 76.1183 74.2159 92.4554 92.6984 52.7731 9.0554 41.4005 79.404 49.0102 53.6656 112.446 26.9072 36.4005 73.3485 92.6984 89.0225 59.0085 86.6833 
78.2368 61.131 38.3275 78.7718 86.8217 17.2047 62.1772 90.0056 67.7422 113.146 0 104.695 115.974 79.9062 59.6154 91.0879 114.018 92.1792 93.0484 18.3576 17.6918 113.278 126.531 146.731 86.122 2.8284 16.2788 107.229 65.3682 118.258 87.2009 149.003 149.03 135.074 46.1736 5 82.0975 111.036 148.219 55.7315 115.694 115.836 27.4591 80.7527 91.9239 144.201 19.105 61.8466 82.201 62.2415 151.093 110.041 151.45 172.351 94.1116 129.653 145.602 112.805 82.28 118.802 62.0322 135.074 16.4012 39.5601 79.9812 153.639 107.517 82.7587 93.0054 87.5957 135.059 103.446 102.181 24.3311 157.842 86.093 46.5725 3.6056 58.1808 50.5964 101 127.64 100.265 98.2344 77.201 143.84 139.402 97.4936 98.6154 106.775 78.0897 120.017 93.4933 35.1141 159.113 101.637 41.7253 71.1758 112.721 158.398 107.517 166.027 89.56 65.8027 5.099 90.5207 142.243 119.633 145.801 154.253 86.0523 132.231 151.743 83.8153 143.003 124.483 101.119 145.086 91.2414 111.79 32.6956 115.395 5.3852 113.018 82.6075 153.457 108.853 84.8999 154.149 124.354 61.2944 84.1724 59.4811 115.551 79.4796 22.0227 79.2465 95.8853 19.799 115.313 89.1964 19.105 81.4125 118.828 117.175 114.529 36.7967 116.469 106.677 36.6879 68.2642 158.449 98.8433 67.9779 97.0824 121.709 87.6926 147.248 112.508 17.6918 157.137 107.912 47.4131 65 6.3246 143.056 110.114 107.466 160.515 102.201 22.8473 61.4003 24.2074 124.085 71.0282 54.7083 85.0706 147.801 83.006 91.0494 80.895 10.2956 106.513 92.1954 97.4166 24.0416 20.6155 64.6607 118.929 154.208 102.122 85.44 164.785 11.4018 114.586 113.6 93.4345 21.095 134.451 82.4621 54.037 
64.1405 47.4342 66.4078 100.648 67.624 88.5268 74.9466 115.248 39.1152 51.6236 104.695 0 52.811 28.3196 80.6536 113.208 94.8103 23.0217 115.122 118.068 89.822 58.1808 104.848 91.5915 96.7988 107.205 90.2441 120.104 72.8011 60.7454 36.6197 104.12 90.934 66.2722 58.5235 103.121 108.706 54.1295 89.9444 94.1116 94.4034 85.9826 78.6448 101.597 127.941 85 87.8635 89.8109 99.4786 79.3788 84.0238 129.808 102.84 100.717 45.2769 86.539 85.8429 90 23.0868 56.6127 47.8017 132.28 89.4986 89.2749 47.0106 73.3485 48.3011 51.8652 116.812 17.2627 114.909 1.4142 91.9239 104.235 103.097 30.4138 58.1893 102.46 74.7262 85.703 122.066 77.4919 59.8164 140.431 27.5136 82.7345 82.7647 18.3848 11.4018 51.4782 122.004 135.37 69.3109 112.018 83.7257 140.545 71.007 35.0571 94.6414 82.7345 53.7122 100.02 107.07 123.227 107.224 14.3178 111.4 68.1542 86.977 82.1523 116.765 154.674 84.006 21.2132 85.3288 23.6008 134.112 89.627 18.868 93.8616 87.0057 19.4165 100.568 31.7805 103.446 79.3095 110.345 20.1246 78.5175 89.4707 68.9638 100.499 76.243 92.4175 26.0768 87.1321 98.0051 18.6815 87.6641 57.0088 44.6878 87.4643 74.3303 57.8705 13 138.6 125.064 93.2309 134.792 89.0898 69.4622 84.4808 104.484 76.1577 66.5282 27.8927 105.152 78.0064 78.7718 89.0505 85.2115 93.5094 78.7718 71.5122 104.752 81.7435 61.7738 117.796 83.1865 97.6217 122.984 72.4224 82.5651 65.8027 43.1741 53.0848 19.6469 72.2496 113.6 114.057 100.722 97.8621 86.5563 112.058 112.414 80.6536 88.2836 70.2282 60.407 81.2219 118.6 20.025 96.1301 109.238 76.6616 84.8764 110.114 84.4038 136.125 22.8254 104.561 
41.6293 80.0812 84.5991 72.0625 36.8782 99.0051 59.9333 82.4924 72.7805 2.8284 115.974 52.811 0 69.1158 65.3911 79.6304 48.0208 37.054 80.895 122.413 98.3107 7.6158 55.1725 40 64.0703 118.802 99.7046 80.3243 56.3649 8.0623 31.7805 51.4198 40.1995 19.4165 77.5242 116.726 79.0063 6.0828 39.2046 78.4347 46.8722 37.2022 89.1964 72.0069 96.5194 34.2345 96.8762 71.1688 69 62.7694 37.1618 90.7579 50.4876 57.8014 22.0227 34 35.3553 43.0465 52.345 4 81.7435 84.6463 99.7046 83.863 36.1248 38.0132 8.6023 33.4215 82.8734 53 64.4438 53.4509 50.2892 104.01 52.0384 77.0584 78.7718 115.278 62.6498 74.686 85.3756 24.6982 20.2237 108.904 59.6825 32.5576 31 37.2156 43.7379 9.434 96.0833 93.5201 33.0606 106.438 43.2782 107.517 74.2765 55.0273 48.3735 42.5206 9.4868 53.4883 73.437 103.576 120.216 56.1427 59.1692 15.8114 36.2215 38.833 86.1452 112.699 37.5766 53.1507 34.0588 43.8406 99.8248 38 66.3702 47.8853 86.6083 37.4433 113.899 84.5044 73.0068 37.6431 68.1542 59.0085 38.2099 38.2884 57.4543 69.029 62.6099 44.6542 52.7731 94.1116 69.0652 69.0507 96.1769 5 27.0185 104.809 45.8912 5.099 58.3095 99.6243 120.748 45.2217 98.2344 85.44 52.3259 42.8019 65.9697 56.648 28.0179 33.2415 72.2496 32.249 30.5287 98.2904 41.8808 49.2443 72.4017 55.9017 118.87 31.5753 13.6015 77.4919 44.5533 56.6127 126.491 59.0593 91.9348 13.1529 47.1699 64.0703 55.0364 31.8277 84.0238 80.6226 71.007 113.455 42.1545 77.7817 75.71 95.268 95.5249 55.4707 7.6158 38.6005 80.7775 51.0882 50.9902 115.256 27.2029 36.8917 74.9667 95.5249 89.4036 61.0737 89.1852 
62.1289 19.6977 42.0476 94.7629 68.884 65.0308 65.9469 110.309 12.1655 67.0298 79.9062 28.3196 69.1158 0 70.6045 108.931 101.02 32.0624 111.072 95.0474 67.0075 72.0625 112.894 109.073 93.723 82.201 67.0075 119.202 65.0692 76 41 119.269 109.293 86.3134 35.0571 77.666 102.591 68.0294 108.296 82.1523 101.242 94.6414 56.0803 96.1665 121.264 103.31 65.0077 80 94.7945 70.2922 104.738 127.781 119.038 123.491 52.9528 99.7246 104.389 96.7988 17.1172 73.1095 19.7231 136.85 66.0303 72.8011 46.5188 97.4987 62.0081 52.8015 112.45 16.4924 123.329 26.9072 94.8262 83.863 121.149 10.6301 34 77.2787 64.2028 72.5603 119.004 92.1358 67.9117 133.06 11.1803 101.494 100.08 32.9848 28.6356 64.1249 112.645 135 73.0068 93.3916 106.902 134.063 53.1413 22.0227 100.464 105.948 66.1891 121.202 103.392 110.476 81.7863 15.2643 122.784 82.1523 105.304 104.293 110.454 153.525 104.924 16 103.175 51.6624 128.763 107.075 11.4018 99.5389 68.4105 45.4863 75.3127 35.4401 98.2904 101.922 111.83 10.4403 101.533 100.225 59.5483 96.2601 66.2193 99.6243 17.72 65.192 92.6337 16.0312 65.0308 72 49.7293 61.6117 72.6705 74.0608 38.9487 136.029 105.076 100.568 130.832 71.7844 62.9682 107.28 104.043 69.2965 72.111 53.8516 101.237 99.0404 87.8009 66 107.448 97.9898 64.4127 63.6553 79.0759 100.499 73.5527 117.414 106.892 99.4786 100.045 63.1269 60.075 82.0244 35.805 35.7771 14.1421 94.921 106.963 109.622 95.462 72.0347 91.9239 108.301 110.114 56.2228 66.1211 62.2415 76.0066 103.581 116.516 18.0278 117.903 86.0523 86.885 93.0054 107.056 61.0082 139.671 8.0623 91.2414 
23.7697 63.6003 47.1275 25.9422 30 45.8912 6 41.3401 62.9365 62.7694 59.6154 80.6536 65.3911 70.6045 0 40.7063 54.4243 59.0339 42.9418 60.3075 43.4166 60.4152 67.0522 89.1964 29.2746 62.2415 45.3542 54.4059 9.2195 65 47.0956 89.8888 91.9348 82.4924 46.0652 62.2977 33.0151 59.5063 91.2195 14 56.0803 56.6039 40 27.7308 50.9117 87.7268 42.9535 9.434 27.5136 2.8284 96.0469 60.8358 92.6553 117.034 46.8722 71.218 89.1403 53.2259 59.9333 67.082 65.8027 79.2275 46.0977 20.8087 36.0139 102.883 58.1893 34.3657 43.909 65.7951 75.9276 80.0062 42.72 41.1096 99.6393 81.0555 48.3011 60.407 6.4031 9.8995 51.4296 70.7248 46.1411 62.482 60.7454 87.8635 82.7587 64.9384 70.0928 56.0803 42.19 69.6419 36.1248 41.3401 105.948 63.6553 25.7099 49.3964 53.1413 105.394 55.9464 109.622 36.4005 42.7551 64.622 70.6824 82.6378 64.2028 89.1067 100.439 40.4599 86.3539 96.8297 62.1691 86.2786 91.1373 58.8982 87.7268 78.032 52.2015 26.9258 81.1542 59.7746 104.446 29.9666 100.404 52.0865 67.6018 101.548 65.192 11.7047 29.4109 4.4721 55.9464 57.2451 39.0512 24.6982 83.3547 41.9762 63.0635 43.2897 57.1402 22.6716 66.6483 93.145 68.0955 55.5698 56.8595 61.8547 23.3238 13.3417 104.862 42.19 9.2195 40.6079 84.0536 34.176 93.2309 54.037 44.1475 103.005 48.3839 13.0384 10.0499 64.5136 87.2067 55.7584 53.6004 107.912 43.4166 63.6553 8.2462 40.1995 69.8928 37.6962 36.1248 64.846 95.8801 36.8782 41.1825 27.313 61.6117 46.9574 40.7185 44.2719 48 40.2616 11 65.8635 100.688 50.3289 62.2415 109.124 54.9181 56.6392 54.3783 40.4969 44.2832 79.9062 66.888 25.02 
49.0918 104.01 87.4643 14.7648 46.6154 81.6149 43.8292 3.1623 102.616 77.9295 91.0879 113.208 79.6304 108.931 40.7063 0 40.8534 90.2109 2.2361 84.4038 78.4092 72.3395 48.0104 84.5044 16.5529 93.1933 80.399 16.2788 44.0454 75.06 76.6616 78.032 88.2553 90.1998 86.7698 95.0053 9 73.8241 87.9204 36.3456 43.0813 50.448 78.339 13.0384 17 86.4002 78.6384 32.8938 14.1421 39.9625 97.0155 20.2485 82.365 115.169 70.3847 66.0984 87.6413 43.6807 95.7758 79.2275 106.231 44.9222 81.4985 53.4603 66.2873 110.653 75.9276 61.4003 3.6056 101.045 52.345 112.898 31.4006 67.4759 91.2414 119.553 89.0056 93.0054 46.6476 44.643 10.7703 71.1969 60.4152 29.2746 98.2904 87.8009 81.7435 95.3834 101.872 72.5672 22.0227 29.6142 47.5395 60.1664 109.444 28.1603 65.9242 86.977 39.5601 109.238 71.1969 105.849 6.3246 36.2353 96.1301 106.042 63.8905 70.0643 86.977 103.368 8.6023 45.6508 97.9847 97.949 84.4808 117.393 21.0238 83.8153 114.769 39.2173 61.6604 108.079 93.0054 140.72 10.8167 104.738 22.6274 104.139 106.532 57.2451 50 12.8062 44.4185 44.5982 93.5094 74.6726 16.4012 119.854 77.6466 75.326 69.3181 94.2019 38.9487 78.1601 124.423 27.4591 70.2638 44.9444 21.9317 56.4358 45.9674 107.708 16.1555 39.6989 52.1728 108.157 8.0623 96.6902 53.3385 79.511 105.019 35.4401 52.2015 45.4533 97.0206 87.5557 66.2722 17.088 112.178 25.9615 85.7263 46.6154 77.4661 77.0584 73.5935 76.2758 100.767 102.703 9.434 1 13.6015 96.1301 40.4475 2.2361 7.8102 86.122 75.5381 46.8615 76.0592 104.139 11.0454 97.4526 107.224 82.7345 57.3149 49.0306 5.3852 81.2158 43.566 104.005 37.4833 
42.107 103.755 96.1301 41.7732 33.3766 100 52.6308 44.0114 99.2018 47.4342 114.018 94.8103 48.0208 101.02 54.4243 40.8534 0 73.2462 41.1096 113.018 97.719 40.4969 13.0384 43.6578 31.8277 116.619 99.6243 35.0143 50.01 41.1461 60.8276 38.2884 47.4342 52.7731 92.0217 116.709 44.9444 43.6005 47.1275 60.7454 2.2361 11.4018 92.9624 40.4599 57.0088 45.8912 97.1236 53.3385 37.5366 51.8652 56.7186 45.1774 42.2019 74.3303 49.93 25.4951 47.0744 5 84.5813 46.0652 105.906 37.5366 100.285 74.7329 54.7083 72.0625 48.1664 48.3839 43.0116 88.1192 23.0868 95 12.2066 94.0213 50.774 111.086 94.0479 114.826 56.7539 63.561 42.2966 32.0624 35 67.897 89.8888 47.5184 41.4367 76.6094 83.8153 44.5982 62.1772 46.1736 28.1603 90.802 69.4622 65.3758 77.1038 80.3617 1.4142 69.3542 42.5206 65 36.2353 74.6324 119.038 92.6607 28.2312 34.176 46.3249 63.3877 49.2443 65 57.7062 86.3308 43.9318 91.214 57.3149 43.0116 102.883 2.2361 81.3449 83.5464 114.162 125.925 40 65.123 22.0227 93.0376 67.0671 16.4924 55.5788 36.2353 55.0818 4 83.3847 93.3006 39.598 107.042 96.1665 43.0465 51.8845 110.422 34.2345 44.7214 103.276 53.6004 103.586 4.1231 54 77.4726 48.3735 67.6018 24.6982 46.5725 29.0689 80.8022 36.3593 57.0789 17.4929 98.3717 64.7765 6.4031 67.0522 50.8035 118.929 47.3814 35 32.0156 72.3395 15.2643 115.663 54.1295 93.8616 40.8044 66.9403 78.1601 89 64.0703 48.7647 41.7852 39.6989 115.802 9.2195 38.6264 34.2053 100.807 94.5569 51.6236 42.0476 64.2806 37.2156 84.9706 66.4078 108.674 21.0238 11.1803 35.4683 97.9847 41.7732 94.0213 68.1175 
41.1825 44.7214 55.6058 77.8203 44.6878 75.1332 53.1507 92.2822 36.7696 35 92.1792 23.0217 37.054 32.0624 59.0339 90.2109 73.2462 0 92.1141 103.121 75.6439 40.3113 84.0773 77.026 73.7835 94.8947 76.4853 97.1854 50.6952 44.0454 13.6015 87.5728 77.2334 54.5711 47.634 91.586 85.8662 36.2215 76.2365 72.8354 73.0616 65.307 64.846 78.7147 105.095 71.2531 73.8241 67.9117 76.5376 57.4891 73.0068 106.827 87.1436 92.358 23.3238 68.4471 72.3395 68.6003 15.5242 41.0488 46.0977 110.436 76.0263 70.2567 24.1661 67.6018 30.1496 28.8444 93.8136 16.1245 94.3716 22.8035 69.4262 87.3212 89.0898 40.3113 48.1664 90.5539 53.4603 65.123 99.0454 60.407 38.4708 117.631 23.0868 69.4622 68.0294 6 11.6619 32.5576 99.6243 112.539 46.7547 93.6483 76.1577 117.648 53.8516 21.9317 72.9452 75.2396 34.7131 89.4986 84.0595 101.789 95.5249 19.9249 92.3472 50.4876 73.2462 73.0548 93.9149 131.795 73.2462 16.1245 71.1126 33.541 111.14 75.0267 30.3645 72.111 69.4262 23.7697 88.8369 52.8015 80.5295 70.9366 87.6926 22.0227 70.7743 69.8928 47.5184 77.5242 54.7449 71.1969 16.5529 72.2357 75.1332 34.0147 73.4098 40.05 21.9317 77.201 51.3128 42.0119 34.5398 115.603 107.355 72.0694 111.772 70.5762 47.1275 76.3217 81.5659 53.7587 44.4072 29.5296 82.1523 67.4463 58.1808 75.1532 76.2168 71.4003 59.0339 49.4773 93.4933 68.469 42.45 94.921 76.4853 74.9667 107.838 50.8035 68.4471 50 23.1948 37.5766 18 64.0781 90.802 91.0659 77.8267 87.0919 64.6375 89.0449 89.4036 68.7968 73.5391 48.2701 44.0114 72.45 95.6033 14.0357 86.4002 94.7048 56.648 63.9531 87.0919 71.1196 114.018 24.0208 83.6002 
51.0392 106.231 89.6939 17 48.3322 83.7257 46.0435 3.6056 104.809 79.2465 93.0484 115.122 80.895 111.072 42.9418 2.2361 41.1096 92.1141 0 86.122 80.5047 73.5527 47.7074 84.7585 18.3576 95.1315 82.4924 14.5602 46.2277 76.1643 78.5493 77.8974 88.5438 91.0879 89.0056 97 11.0454 75.1332 88.2326 38.4708 43.3244 50.9902 80.5233 15.2643 16.1245 86.8332 80.7527 35.1141 16.2788 42.19 97.5141 18.0278 82.2982 115.434 72.0902 66.4831 88.0568 44.1475 97.8366 80.399 108.453 43.3244 83.6002 55.5788 68.2422 111.45 77.3692 63.2851 2 103.078 51.6236 114.826 32.1403 69.3542 91.236 121.696 91.2414 95 48.8774 46.8402 8.544 71.8471 61.8466 28.0713 100.409 88.295 82.2253 97.2471 103.774 73.9797 22.6274 27.4591 49.0408 61.8466 110.023 26.6833 68.1542 89.1067 39.8497 109.836 72.5672 106.042 8.0623 37.2022 98.0816 108.074 63.4114 71.007 87.3613 103.942 9.2195 43.4166 98.4886 100.005 84.8999 119.038 19.3132 84.119 116.846 39.5601 63.7887 109.772 95.0211 142.762 13.0384 105.38 22.0227 106.217 107.201 57.5674 52.2015 14.8661 46.6476 44.9222 95.5877 76.7919 18.6011 121.918 79.7621 76.531 71.1196 96.3379 40.8167 79.3095 126.27 25.2389 71.6938 45.2217 19.8494 58.5491 48.1041 108.259 16.4924 41.8688 53.6004 109.731 10 97.3242 54.1479 81.6149 105.537 35.9026 54.4243 47.634 99.0051 88.0738 67.4759 15.6525 112.787 26.4764 87.3613 48.8262 79.6241 78.0064 75.6902 78.492 102.825 103.484 10.7703 2 15.8114 98.1835 41.1947 3.1623 7.2111 88.295 77.6466 49.0408 77.1622 104.738 9.2195 99.4887 107.517 84.5931 58.1378 49.6488 6 83.3607 41.7732 106.104 39.3192 
82.134 77.1622 53.0094 74.0945 89.8053 30.0167 64.3506 82.7647 83.006 119.62 18.3576 118.068 122.413 95.0474 60.3075 84.4038 113.018 103.121 86.122 0 28.2843 118.697 124.824 149.482 82.7647 17.8045 28.0713 100.663 67.8823 123.556 96.1509 149.843 152.161 140.869 60.208 23.0217 75.6902 117.004 151.427 52.3546 114.909 116.606 39.4588 75.9605 82.0549 147.801 30.2655 59.6825 78 63.1269 155.666 101.833 152.801 176.828 101.242 131.503 149.215 112.606 95.1262 124.808 78.3135 129.283 29.0172 39.6232 87.4643 160.424 114.285 89.0505 85.703 100.807 132.424 116.902 100.846 19.2094 159.928 102.122 61.0737 21.9545 60.8276 50.448 93.3809 130.863 104.89 86.4696 90.934 147.787 142.864 108.784 110.86 113.004 68.0661 111.879 96.2081 24.3311 164.785 90.2718 49.6588 83.4326 111.647 164.149 113.406 169.729 84.119 54.0833 20.5183 104.235 141.032 123.794 149.241 159.552 78.0897 122.016 156.4 96.8814 146.414 136.312 91.0055 147.99 106.17 110.788 35.805 126.811 23.7065 129.19 77.4919 159.154 104.403 98.8585 160.078 125.208 65.2993 79.8499 61.5224 115.122 92.1954 31.0483 75.2396 111.072 30.4138 121.037 96.566 36.6879 82.9759 124.631 130.863 105.119 20.1246 115.966 97.0824 37.4833 71.4493 163.893 94.7048 69.4262 100.409 132.401 82.5409 152.398 114.337 29.1548 162.274 106.677 50.3289 67.897 23.4307 147.085 114.769 101.39 166.481 99.7296 5 64.3817 35.5106 128.973 80.6226 65.8027 98.4784 154.013 75.505 84.1724 76.3217 28.6531 106.508 85.8662 91.4822 39.0512 29.8329 67.9412 124.326 159.665 95.3415 98.27 169.012 9 116.932 114.403 87.6413 34.0588 127.883 96.6282 47.1275 
60.7454 49.8197 25.1794 65.0077 69.4622 3.6056 45.31 77.7817 55.0818 95.483 17.6918 89.822 98.3107 67.0075 43.4166 78.4092 97.719 75.6439 80.5047 28.2843 0 95.5877 110.44 129.248 71.3442 20.5183 2 94.1329 48.3322 100.568 69.8928 131.928 131.488 117.388 32.0156 19.2354 69.4622 93.3488 130.668 42.107 99.2975 98.8989 11.1803 67.0075 81.9085 126.606 2 47.0956 68.0294 45.8803 133.417 98.1529 134.239 154.674 76.4853 112.379 128.004 96.2081 66.9403 101.119 51.1957 121.103 3.1623 25.02 62.3699 136.029 89.8721 65.0692 80.7527 72.5672 119.331 88.6454 86.1278 19.4165 140.46 74.5453 33.0151 17.4929 41.2311 35.2278 88.8144 110.114 82.6196 89.9611 62.6498 126.21 121.828 81.1542 82.8613 89.0955 68.7095 107.912 76.1577 31.241 141.428 92.8493 24.0416 55.3624 96.4624 140.716 89.8276 148.405 76.0263 58.8303 22.2036 75.9539 125.865 102.005 128.222 136.561 74.5252 121.754 134.063 68.6586 125.431 108.503 91.0934 127.581 78.0256 95.5092 17.0294 99.1615 16.5529 101.597 69.029 135.772 94.3398 70.5762 136.473 107.355 43.909 70.0286 42.72 99.0202 64.0312 4.4721 65.0308 83 2.2361 97.6217 71.5891 16.5529 64.4748 101.139 102.591 103.586 39.5601 99.96 96.0469 22.0227 51 140.759 84.2912 51.264 79.6116 105.119 74.0068 129.557 95.2943 1.4142 139.445 91.7606 30.6757 47.8539 21.4709 125.419 92.4554 94.0213 142.843 86.6833 33.2415 44.2832 7.2801 106.405 53.8516 38.0789 70.214 130.138 71.1969 78.5175 67 18.2483 89.8888 79.2275 84.0536 12.53 3.1623 47.4131 101.237 136.517 89.2749 70.0928 147.122 19.4165 97.2471 96.6644 80.0562 6.3246 121.004 68.3593 43.3244 
36.8917 81.3941 83.6481 65.2763 31.0161 96.5401 55.2268 75.2396 74.5453 7.0711 113.278 58.1808 7.6158 72.0625 60.4152 72.3395 40.4969 40.3113 73.5527 118.697 95.5877 0 48.1041 37.6563 57 116.103 97.0824 72.7324 51.6236 5 32.5576 47.2652 38.6005 22.2036 76.9675 114.337 72.0278 4.1231 37.6431 73.0068 39.4081 29.8329 87.0057 65.123 89.2749 32.8938 94.2603 65.5515 62.0725 57.7062 38.0132 83.1685 47 59.203 21.1896 28.4605 34.176 35.5106 55.0091 7.0711 83.1865 77.3369 97.1854 79.6304 34.4819 42.4853 10.198 30.6105 75.5381 56.4358 57.6281 58.6941 42.72 100 49.8197 80.6226 78.3901 112.805 58.2495 69.9714 77.8781 20.0998 14.3178 101.597 62.0322 31.7805 28.8617 41.4849 48.3839 8.0623 89.2749 85.9069 26.4764 101.71 46.0977 100.13 71.5891 56.0892 40.8167 45.4533 6.3246 53.7122 66.1891 97.2934 117.686 60.0167 53.2259 10.198 34.7851 41.0122 79.0253 105.095 38.6005 56.0803 32.28 50.9902 92.3959 35.6931 70.406 40.3113 82.9759 44.0454 111.521 89.9611 66.0303 40.4599 60.5392 62.2896 41.4005 31.6228 53.4135 62.0081 57.9828 37.2022 55.0364 91.2853 62.2896 73.4983 93.5094 3 26 103.175 39.8497 6.3246 64.6375 92.0272 115.974 37.8021 90.7083 81.4002 47.7074 45.2769 58.4637 51.4296 21.3776 40.4599 65.0692 33.9706 23.0217 95.6713 43.8634 41.6293 68.4105 51.3128 116.516 30.8707 6.0828 69.8928 47.8017 49.0408 122.613 54.6443 89.4986 11.1803 46.6154 63.0635 58.2151 35.5106 77.0065 73.3348 64.1249 111.4 34.5398 70.4557 68.2495 93.4773 92.6984 51.0392 5.6569 41.0366 73.2462 54.1479 51.8652 111.866 19.8494 29.4109 67.6018 93.2363 82.0061 64.1249 83.5703 
55.0364 116.4 109.165 52.0096 46.1736 112.792 65.5134 51.0392 111.611 55.1725 126.531 104.848 55.1725 112.894 67.0522 48.0104 13.0384 84.0773 47.7074 124.824 110.44 48.1041 0 40.05 42.4382 129.097 112.361 37.9473 62.9682 47.5079 72.2357 30.4631 44.0454 55.5428 105.005 129.341 53.7587 51.7397 44.0114 72.4707 12.0416 18.868 105.906 50.448 62.6099 44.1814 109.895 65.307 47.8017 64.56 55.1453 46.8722 35.1141 70.0357 60.8358 25.2982 45.0999 16.2788 96.2081 52.4976 118.533 30.0167 113.053 87.0919 66.9403 72.7805 57.0088 60.6383 49.3964 99.4032 10.4403 105.152 24.3516 105.991 44.2719 122.776 107.019 127.44 69.6348 75.9605 46.6154 34.4384 45.618 72.111 101.833 46.3897 40.6079 86.954 94.1541 53.6004 70 45.0111 40.6079 102.083 68.1836 68.9638 90.0944 92.6499 14.1421 68.2642 51.4004 60.208 44.5982 83.5464 131.575 103.788 16.4012 39.8246 44.0454 62.2896 56.6127 62.1691 56.1427 97.8621 42.19 99.0051 61.0328 40 114.127 15.1327 93.9202 92.0978 126.827 136.341 49.5782 64.6297 25.9422 104.547 66.7533 17.4929 68.593 46.2277 67.9117 13.3417 95.1893 106.042 50.2195 118.068 108.931 50.2096 63.3246 123.357 47.2652 51.0882 112.446 54.231 114.403 12.3693 56.5155 89.8888 61.4003 66.1211 32.5576 59.439 40.8044 88.4138 45.2548 56.8859 26.0768 111.126 63.0714 18.6815 79.8123 63.7887 131.552 46.5296 43.4166 35.1141 71.2531 25.2389 127.264 67.082 106.733 45.4863 79.4292 91.0879 100.464 65 56.8507 48.8262 49.8197 128.577 22.0227 45.8039 40.4969 113.772 107.28 64.6297 48.2701 63.3877 41.6293 96.3846 62.514 120.83 28.4253 20.1246 42.8019 110.856 35.3412 105.688 79.0569 
68.5055 119.05 120.154 83.863 60 130.698 85.276 87.6641 112.147 42.0476 146.731 91.5915 40 109.073 89.1964 84.5044 43.6578 77.026 84.7585 149.482 129.248 37.6563 40.05 0 73.9256 149.513 130.924 77.2787 81.8352 33.2415 70.214 15.6205 4 26.4008 113.886 148.408 88.1022 41.4367 4.1231 99.1564 41.4367 34.9857 121.803 82.8553 100.578 7.2111 128.16 91.351 79.7559 86.3713 16.1555 86.7006 12.2066 30.6757 58.6941 18.868 7.0711 41.1461 92.1954 36 120.839 67.2681 131.229 109.877 71.1688 35.8469 47.2652 66.3099 86.6487 93 43.7379 92.3959 54.1202 130.3 12.1655 117.038 115.434 146.728 89.0225 99.0858 85.3756 19.2354 47.4236 111.086 99.4082 10 9 77.1038 83.3847 45.7056 105.603 85.0059 53.4135 129.495 28.8617 108.259 105.816 93.7443 44.9444 29.1204 43.9318 21.4709 79.7057 117.337 151.433 96.0833 31.9531 28.4605 5.6569 23.4094 92.8493 101.494 17.088 93.086 6.3246 77.4726 100.225 2 106.231 45.31 114.809 74.0405 145.647 122.723 82.7647 26.4008 64.5368 99.0051 28.6356 27.313 85.4459 78.7718 88.0909 39.9249 92.4392 124.808 81.3019 108.665 127.318 37.2156 63.3246 138.654 66.5282 35.0143 94.8683 94.2603 143.178 39.5601 96.1769 112.161 78.6003 26.6833 68.352 80.0562 49.6488 67.4166 79.6241 20 35.3836 129.541 23.5372 49.2443 99.8098 82.0061 150.632 10.8167 38.2753 74.3303 32.0156 58.6941 152.84 85.6037 123.822 27.074 83.8153 99.7246 95.0211 29.2062 92.1954 85.44 81.9878 146.123 45.793 82.28 77.7946 128.825 126.194 82.201 33.1361 24.6982 80.2808 91.0494 22.8035 143.68 32.5576 36.8917 79.1202 127.769 73.1642 101.045 108.231 
32.8024 90.3549 76.1577 10 30.0832 74.1687 30.6757 18.9737 88.2043 62.2013 86.122 96.7988 64.0703 93.723 29.2746 16.5529 31.8277 73.7835 18.3576 82.7647 71.3442 57 42.4382 73.9256 0 88.5268 73.3348 25.9422 29.9666 60.1332 60.208 70.0928 77.4145 76.1183 74.3303 89.4427 15.1327 58.1378 76.9415 30.6757 33.9706 38.9487 69.1158 8.9443 32.7567 74.7329 71.1758 24.3311 5.8309 27.6586 84.8646 34.0588 73.8783 104.202 53.8516 55.0727 76.0592 33.0151 79.9312 64.0078 92.5905 50.04 74.2428 46.6905 50 96.8814 59.8415 44.9444 20.1246 85.0412 49.6588 96.5194 20 64.2573 82.201 104.35 76.5506 87.4757 34.2053 36.1248 25.4951 58.5235 44.4072 45.3542 82.8794 75.7694 69.857 78.8923 85.44 56.5685 32.7567 41.6773 31.4006 59.6825 96.7678 44.5982 54.9181 71.7008 30.4138 96.4624 55.3263 95.3834 10.2956 43.4166 91.2195 90.0278 58.8218 55.9017 75.5844 90.7579 22.0907 59.8164 85.7963 82.0731 72.9178 100.901 37.5766 72.9452 99.0051 29.7321 54.3323 91.5478 87.1321 124.74 9.2195 91.7606 23.0217 88.3912 93.4077 46.8722 36.2491 5.099 32.0156 34.8281 77.7817 67.1863 7.8102 104.005 70.1783 60 52.7731 86 22.4722 63.0317 107.912 42.4264 72.0069 35.4683 38.0132 49.6488 31.0644 95.1893 13 25.4951 36.2215 91.7606 8.544 83.8153 40.1622 72.2496 92.6984 25.4951 42.107 31.305 91.5915 75.3923 51.0098 24.6982 99.3277 17.2047 85 33.2415 69 62.8013 58.0517 62.6099 84.8999 89.0505 20.025 17.4642 8.0623 89.56 28.178 15.2643 16.4012 77.1038 68.2642 32.6497 61.131 91.3947 22.8035 81.4678 96.1509 79.3788 43.9659 37.1214 13.4536 73.0068 50.636 88.4138 36.6197 
